org.uma.jmetal.component.algorithm.EvolutionaryAlgorithm 1.0 0.14102564102564102 0.03636363636363636 0.07317073170731707 0.05084745762711865 0.10869565217391304 0.0 0.060240963855421686 0.09210526315789473 0.09375 0.09375 0.3050847457627119 0.0 0.25806451612903225 0.0 0.18867924528301888 0.25757575757575757 0.3275862068965517 0.26153846153846155 0.2037037037037037 0.20689655172413793 0.21818181818181817 0.21052631578947367 0.21052631578947367 0.04918032786885246 0.2909090909090909 0.2909090909090909 0.1774193548387097 0.18867924528301888 0.18181818181818182 0.2807017543859649 0.2571428571428571 0.2 0.18867924528301888 0.05333333333333334 0.08 0.13333333333333333 0.057692307692307696 0.058823529411764705 0.10309278350515463 0.2542372881355932 0.2542372881355932 0.05454545454545454 0.09615384615384616 0.07936507936507936 0.07407407407407407 0.07272727272727272 0.0 0.07407407407407407 0.09615384615384616 0.08771929824561403 0.07692307692307693 0.07142857142857142 0.07692307692307693 0.07142857142857142 0.07142857142857142 0.07407407407407407 0.09259259259259259 0.08771929824561403 0.09615384615384616 0.09433962264150944 0.09433962264150944 0.08928571428571429 0.09615384615384616 0.09090909090909091 0.1111111111111111 0.0967741935483871 0.0 0.0 0.07142857142857142 0.057971014492753624 0.06666666666666667 0.0 0.14864864864864866 0.14084507042253522 0.06666666666666667 0.05714285714285714 0.016129032258064516 0.14102564102564102 0.0 0.14285714285714285 0.0 0.1411764705882353 0.05454545454545454 0.0 0.0 0.037037037037037035 0.14102564102564102 0.15714285714285714 0.09230769230769231 0.14473684210526316 0.14285714285714285 0.16129032258064516 0.1527777777777778 0.0 0.14864864864864866 0.1746031746031746 0.05 0.05 0.10465116279069768 0.04918032786885246 0.05 0.0 0.046875 0.14634146341463414 0.14634146341463414 0.05172413793103448 0.03636363636363636 0.03773584905660377 0.05555555555555555 0.1875 0.05172413793103448 0.1780821917808219 0.016666666666666666 0.14754098360655737 0.16923076923076924 0.21052631578947367 0.21052631578947367 0.09259259259259259 0.21428571428571427 0.07142857142857142 0.05660377358490566 0.07407407407407407 0.05660377358490566 0.0 0.18032786885245902 0.0 0.0 0.0 0.05172413793103448 0.15254237288135594 0.07692307692307693 
org.uma.jmetal.component.algorithm.ParticleSwarmOptimizationAlgorithm 0.14102564102564102 1.0 0.1 0.013513513513513514 0.020833333333333332 0.03488372093023256 0.0 0.041666666666666664 0.014492753623188406 0.03636363636363636 0.03636363636363636 0.0847457627118644 0.0 0.06557377049180328 0.0 0.1111111111111111 0.07692307692307693 0.0847457627118644 0.078125 0.0196078431372549 0.017857142857142856 0.018867924528301886 0.01818181818181818 0.01818181818181818 0.02 0.11538461538461539 0.11538461538461539 0.09090909090909091 0.1111111111111111 0.10638297872340426 0.09090909090909091 0.10294117647058823 0.09259259259259259 0.1111111111111111 0.03125 0.021505376344086023 0.02857142857142857 0.05 0.05128205128205128 0.021739130434782608 0.08928571428571429 0.08928571428571429 0.046511627906976744 0.15789473684210525 0.1702127659574468 0.125 0.09523809523809523 0.0 0.0975609756097561 0.15789473684210525 0.1951219512195122 0.10256410256410256 0.09302325581395349 0.10256410256410256 0.09302325581395349 0.09302325581395349 0.0975609756097561 0.1794871794871795 0.16666666666666666 0.15789473684210525 0.15384615384615385 0.15384615384615385 0.14285714285714285 0.15789473684210525 0.175 0.175 0.1702127659574468 0.0 0.0 0.14634146341463414 0.15384615384615385 0.1590909090909091 0.025 0.07462686567164178 0.0625 0.0851063829787234 0.07017543859649122 0.041666666666666664 0.05555555555555555 0.0 0.06349206349206349 0.0 0.05 0.07142857142857142 0.0 0.0 0.04878048780487805 0.05555555555555555 0.07936507936507936 0.07407407407407407 0.05714285714285714 0.056338028169014086 0.07272727272727272 0.06060606060606061 0.0 0.058823529411764705 0.08928571428571429 0.06382978723404255 0.06382978723404255 0.05128205128205128 0.0625 0.06382978723404255 0.0 0.058823529411764705 0.05194805194805195 0.05194805194805195 0.09090909090909091 0.07317073170731707 0.07692307692307693 0.1 0.08620689655172414 0.09090909090909091 0.10606060606060606 0.06666666666666667 0.07547169811320754 0.08620689655172414 0.09803921568627451 0.09803921568627451 0.09523809523809523 0.1 0.09302325581395349 0.075 0.0975609756097561 0.075 0.0 0.09259259259259259 0.0 0.0 0.0 0.06666666666666667 0.1 0.10256410256410256 
org.uma.jmetal.component.algorithm.RandomSearchAlgorithm 0.03636363636363636 0.1 1.0 0.0 0.0 0.0 0.0 0.023809523809523808 0.0 0.041666666666666664 0.041666666666666664 0.0 0.0 0.0 0.0 0.0 0.0 0.0 0.0 0.0 0.0 0.0 0.0 0.0 0.0 0.0 0.0 0.0 0.0 0.0 0.0 0.0 0.0 0.0 0.0 0.0 0.0 0.0 0.0 0.0 0.0 0.0 0.0 0.0 0.0 0.0 0.0 0.0 0.0 0.0 0.0 0.0 0.0 0.0 0.0 0.0 0.0 0.0 0.0 0.0 0.0 0.0 0.0 0.0 0.0 0.0 0.0 0.0 0.0 0.0 0.037037037037037035 0.05555555555555555 0.125 0.05263157894736842 0.058823529411764705 0.11764705882352941 0.07407407407407407 0.125 0.047619047619047616 0.0 0.06060606060606061 0.0 0.04 0.18181818181818182 0.0 0.0 0.2222222222222222 0.047619047619047616 0.058823529411764705 0.08333333333333333 0.05 0.04878048780487805 0.08 0.05555555555555555 0.0 0.05263157894736842 0.07407407407407407 0.125 0.125 0.041666666666666664 0.11764705882352941 0.125 0.0 0.1 0.0425531914893617 0.0425531914893617 0.23076923076923078 0.3333333333333333 0.25 0.3333333333333333 0.10714285714285714 0.23076923076923078 0.07894736842105263 0.14285714285714285 0.08695652173913043 0.06896551724137931 0.09090909090909091 0.09090909090909091 0.16666666666666666 0.09523809523809523 0.15384615384615385 0.2222222222222222 0.18181818181818182 0.2222222222222222 0.0 0.08 0.0 0.0 0.0 0.14285714285714285 0.15 0.0 
org.uma.jmetal.component.algorithm.multiobjective.MOEADBuilder 0.07317073170731707 0.013513513513513514 0.0 1.0 0.23076923076923078 0.2054794520547945 0.0 0.1935483870967742 0.21052631578947367 0.14285714285714285 0.14285714285714285 0.05 0.0 0.04918032786885246 0.02564102564102564 0.0 0.06153846153846154 0.05 0.0625 0.0625 0.05660377358490566 0.06 0.057692307692307696 0.057692307692307696 0.02040816326530612 0.03636363636363636 0.03636363636363636 0.09259259259259259 0.0 0.0 0.05357142857142857 0.027777777777777776 0.0 0.0 0.015625 0.06818181818181818 0.07575757575757576 0.025 0.02564102564102564 0.06896551724137931 0.01694915254237288 0.034482758620689655 0.0 0.0 0.0 0.0 0.0 0.0 0.0 0.0 0.0 0.0 0.0 0.0 0.0 0.0 0.0 0.0 0.0 0.0 0.0 0.0 0.0 0.0 0.0 0.0 0.0 0.0 0.0 0.0 0.017241379310344827 0.0 0.02564102564102564 0.07575757575757576 0.09836065573770492 0.16279069767441862 0.1111111111111111 0.08888888888888889 0.0273972602739726 0.0 0.03125 0.0 0.024691358024691357 0.023255813953488372 0.0 0.0 0.024390243902439025 0.0273972602739726 0.03076923076923077 0.03636363636363636 0.028169014084507043 0.027777777777777776 0.017543859649122806 0.045454545454545456 0.0 0.028985507246376812 0.01694915254237288 0.0425531914893617 0.0425531914893617 0.02531645569620253 0.041666666666666664 0.0425531914893617 0.0 0.08163265306122448 0.02564102564102564 0.02564102564102564 0.021739130434782608 0.0 0.0 0.0 0.01639344262295082 0.021739130434782608 0.014084507042253521 0.044444444444444446 0.05660377358490566 0.05084745762711865 0.057692307692307696 0.057692307692307696 0.07142857142857142 0.058823529411764705 0.045454545454545456 0.05 0.047619047619047616 0.05 0.0 0.03571428571428571 0.0 0.0 0.0 0.044444444444444446 0.018867924528301886 0.0 
org.uma.jmetal.component.algorithm.multiobjective.MOEADDEBuilder 0.05084745762711865 0.020833333333333332 0.0 0.23076923076923078 1.0 0.05084745762711865 0.0 0.043478260869565216 0.075 0.07142857142857142 0.07142857142857142 0.0 0.0 0.0 0.0 0.0 0.023809523809523808 0.0 0.024390243902439025 0.041666666666666664 0.034482758620689655 0.038461538461538464 0.03571428571428571 0.03571428571428571 0.043478260869565216 0.0 0.0 0.13793103448275862 0.0 0.0 0.0 0.0 0.0 0.0 0.02631578947368421 0.014925373134328358 0.022727272727272728 0.07142857142857142 0.07692307692307693 0.015151515151515152 0.0 0.0 0.058823529411764705 0.0 0.0 0.0 0.0 0.0 0.0 0.0 0.0 0.0 0.0 0.0 0.0 0.0 0.0 0.0 0.0 0.0 0.0 0.0 0.0 0.0 0.0 0.0 0.0 0.0 0.0 0.0 0.03125 0.0 0.07692307692307693 0.15384615384615385 0.1388888888888889 0.2631578947368421 0.13333333333333333 0.15 0.0425531914893617 0.0 0.05263157894736842 0.0 0.03636363636363636 0.058823529411764705 0.0 0.0 0.06666666666666667 0.0425531914893617 0.05128205128205128 0.06896551724137931 0.044444444444444446 0.043478260869565216 0.03225806451612903 0.04878048780487805 0.0 0.046511627906976744 0.030303030303030304 0.09523809523809523 0.09523809523809523 0.03773584905660377 0.09090909090909091 0.09523809523809523 0.0 0.125 0.038461538461538464 0.038461538461538464 0.05 0.0 0.0 0.0 0.02857142857142857 0.05 0.022222222222222223 0.10526315789473684 0.1111111111111111 0.09090909090909091 0.11538461538461539 0.11538461538461539 0.1875 0.12 0.1111111111111111 0.14285714285714285 0.125 0.14285714285714285 0.0 0.06666666666666667 0.0 0.0 0.0 0.10526315789473684 0.037037037037037035 0.0 
org.uma.jmetal.component.algorithm.multiobjective.NSGAIIBuilder 0.10869565217391304 0.03488372093023256 0.0 0.2054794520547945 0.05084745762711865 1.0 0.0 0.1891891891891892 0.27692307692307694 0.16666666666666666 0.16666666666666666 0.08450704225352113 0.0 0.0684931506849315 0.018867924528301886 0.016129032258064516 0.07792207792207792 0.1 0.07894736842105263 0.08333333333333333 0.1111111111111111 0.11666666666666667 0.11290322580645161 0.11290322580645161 0.04918032786885246 0.09230769230769231 0.09230769230769231 0.04285714285714286 0.03278688524590164 0.015625 0.10606060606060606 0.08641975308641975 0.014084507042253521 0.016129032258064516 0.01282051282051282 0.1134020618556701 0.14864864864864866 0.018518518518518517 0.018867924528301886 0.11458333333333333 0.05714285714285714 0.08823529411764706 0.0 0.0 0.0 0.0 0.0 0.0 0.0 0.0 0.0 0.0 0.01694915254237288 0.0 0.01694915254237288 0.01694915254237288 0.0 0.0 0.0 0.0 0.0 0.0 0.0 0.0 0.0 0.0 0.0 0.0 0.0 0.0 0.0 0.0 0.0 0.036585365853658534 0.02531645569620253 0.03225806451612903 0.027777777777777776 0.016129032258064516 0.08536585365853659 0.0 0.08108108108108109 0.0 0.0898876404494382 0.017543859649122806 0.0 0.0 0.0 0.08536585365853659 0.0945945945945946 0.07575757575757576 0.0875 0.08641975308641975 0.09090909090909091 0.09210526315789473 0.0 0.0625 0.1044776119402985 0.03278688524590164 0.03278688524590164 0.05555555555555555 0.04918032786885246 0.03278688524590164 0.0 0.08064516129032258 0.08045977011494253 0.08045977011494253 0.016666666666666666 0.0 0.018518518518518517 0.017857142857142856 0.02702702702702703 0.016666666666666666 0.03614457831325301 0.016666666666666666 0.06060606060606061 0.07042253521126761 0.09523809523809523 0.09523809523809523 0.05357142857142857 0.0967741935483871 0.034482758620689655 0.01818181818181818 0.03571428571428571 0.01818181818181818 0.0 0.07462686567164178 0.0 0.0 0.0 0.016666666666666666 0.0625 0.01818181818181818 
org.uma.jmetal.component.algorithm.multiobjective.NSGAIIDEBuilder 0.0 0.0 0.0 0.0 0.0 0.0 1.0 0.0 0.0 0.0 0.0 0.0 0.0 0.0 0.0 0.0 0.0 0.0 0.0 0.0 0.0 0.0 0.0 0.0 0.0 0.0 0.0 0.0 0.0 0.0 0.0 0.0 0.0 0.0 0.0 0.017241379310344827 0.0 0.0 0.0 0.0 0.0 0.0 0.0 0.0 0.0 0.0 0.0 0.0 0.0 0.0 0.0 0.0 0.0 0.0 0.0 0.0 0.0 0.0 0.0 0.0 0.0 0.0 0.0 0.0 0.0 0.0 0.0 0.0 0.0 0.0 0.0 0.0 0.0 0.0 0.0 0.0 0.0 0.0 0.0 0.0 0.0 1.0 0.0 0.0 0.0 0.0 0.0 0.0 0.0 0.0 0.0 0.0 0.0 0.0 0.0 0.0 0.0 0.0 0.0 0.0 0.0 0.0 0.0 0.0 0.0 0.0 0.0 0.0 0.0 0.0 0.0 0.0 0.0 0.0 0.0 0.0 0.0 0.0 0.0 0.0 0.0 0.0 0.0 0.0 0.0 0.0 0.0 0.0 0.0 0.0 0.0 0.0 
org.uma.jmetal.component.algorithm.multiobjective.SMPSOBuilder 0.060240963855421686 0.041666666666666664 0.023809523809523808 0.1935483870967742 0.043478260869565216 0.1891891891891892 0.0 1.0 0.15 0.09803921568627451 0.09803921568627451 0.06779661016949153 0.0 0.06666666666666667 0.0 0.0 0.06153846153846154 0.06779661016949153 0.0625 0.0851063829787234 0.07692307692307693 0.08163265306122448 0.0784313725490196 0.0784313725490196 0.02040816326530612 0.05555555555555555 0.05555555555555555 0.017241379310344827 0.020833333333333332 0.02 0.07272727272727272 0.04225352112676056 0.017543859649122806 0.020833333333333332 0.015625 0.056179775280898875 0.09230769230769231 0.0 0.0 0.056818181818181816 0.034482758620689655 0.05263157894736842 0.0 0.0 0.018867924528301886 0.0 0.022727272727272728 0.02702702702702703 0.0 0.0 0.02127659574468085 0.0 0.0 0.0 0.0 0.0 0.0 0.0 0.0 0.0 0.0 0.0 0.0 0.0 0.0 0.0 0.0 0.0 0.0 0.0 0.03508771929824561 0.02040816326530612 0.05263157894736842 0.04411764705882353 0.046875 0.041666666666666664 0.034482758620689655 0.0425531914893617 0.07142857142857142 0.0 0.06451612903225806 0.0 0.05063291139240506 0.023255813953488372 0.0 0.0 0.024390243902439025 0.056338028169014086 0.06349206349206349 0.05555555555555555 0.057971014492753624 0.05714285714285714 0.05454545454545454 0.078125 0.0 0.05970149253731343 0.05263157894736842 0.06521739130434782 0.06521739130434782 0.05194805194805195 0.06382978723404255 0.06521739130434782 0.0 0.08163265306122448 0.05263157894736842 0.05263157894736842 0.044444444444444446 0.0 0.0 0.0 0.05084745762711865 0.044444444444444446 0.058823529411764705 0.09302325581395349 0.037037037037037035 0.05084745762711865 0.057692307692307696 0.057692307692307696 0.046511627906976744 0.058823529411764705 0.045454545454545456 0.05 0.047619047619047616 0.05 0.0 0.05454545454545454 0.0 0.0 0.0 0.044444444444444446 0.018867924528301886 0.0 
org.uma.jmetal.component.algorithm.multiobjective.SMSEMOABuilder 0.09210526315789473 0.014492753623188406 0.0 0.21052631578947367 0.075 0.27692307692307694 0.0 0.15 1.0 0.21428571428571427 0.21428571428571427 0.09433962264150944 0.0 0.07272727272727272 0.0 0.023255813953488372 0.06666666666666667 0.09433962264150944 0.06779661016949153 0.06976744186046512 0.10869565217391304 0.11627906976744186 0.1111111111111111 0.1111111111111111 0.046511627906976744 0.10638297872340426 0.10638297872340426 0.038461538461538464 0.047619047619047616 0.022222222222222223 0.125 0.078125 0.10416666666666667 0.023255813953488372 0.01694915254237288 0.09876543209876543 0.2 0.02857142857142857 0.029411764705882353 0.11392405063291139 0.057692307692307696 0.1 0.0 0.0 0.0 0.0 0.0 0.0 0.0 0.0 0.0 0.0 0.025 0.0 0.025 0.025 0.0 0.0 0.0 0.0 0.0 0.0 0.0 0.0 0.0 0.0 0.0 0.0 0.0 0.0 0.0 0.0 0.0 0.015384615384615385 0.01639344262295082 0.0 0.0 0.0 0.04477611940298507 0.0 0.05172413793103448 0.0 0.05405405405405406 0.0 0.0 0.0 0.0 0.04477611940298507 0.05084745762711865 0.0196078431372549 0.046153846153846156 0.045454545454545456 0.06 0.06666666666666667 0.0 0.047619047619047616 0.057692307692307696 0.0 0.0 0.02702702702702703 0.0 0.0 0.0 0.02127659574468085 0.056338028169014086 0.056338028169014086 0.0 0.0 0.0 0.0 0.03636363636363636 0.0 0.03076923076923077 0.0 0.10869565217391304 0.07547169811320754 0.08695652173913043 0.08695652173913043 0.02564102564102564 0.08888888888888889 0.0 0.0 0.0 0.0 0.0 0.06 0.0 0.0 0.0 0.0 0.06521739130434782 0.0 
org.uma.jmetal.component.algorithm.singleobjective.GeneticAlgorithmBuilder 0.09375 0.03636363636363636 0.041666666666666664 0.14285714285714285 0.07142857142857142 0.16666666666666666 0.0 0.09803921568627451 0.21428571428571427 1.0 1.0 0.07142857142857142 0.0 0.045454545454545456 0.0 0.03333333333333333 0.0625 0.07142857142857142 0.06382978723404255 0.1 0.15151515151515152 0.16666666666666666 0.15625 0.15625 0.10344827586206896 0.08333333333333333 0.08333333333333333 0.05128205128205128 0.06896551724137931 0.06451612903225806 0.1388888888888889 0.05660377358490566 0.02564102564102564 0.03333333333333333 0.021739130434782608 0.10144927536231885 0.15217391304347827 0.045454545454545456 0.047619047619047616 0.11940298507462686 0.05 0.10526315789473684 0.0 0.0 0.02857142857142857 0.0 0.0 0.0 0.0 0.0 0.034482758620689655 0.0 0.037037037037037035 0.0 0.037037037037037035 0.037037037037037035 0.0 0.0 0.0 0.0 0.0 0.0 0.0 0.0 0.0 0.0 0.0 0.0 0.0 0.0 0.0 0.0 0.0 0.06 0.06521739130434782 0.06666666666666667 0.05 0.03333333333333333 0.07547169811320754 0.0 0.11627906976744186 0.0 0.06557377049180328 0.04 0.0 0.0 0.043478260869565216 0.07547169811320754 0.08888888888888889 0.08333333333333333 0.0784313725490196 0.07692307692307693 0.1111111111111111 0.0851063829787234 0.0 0.08163265306122448 0.10526315789473684 0.06896551724137931 0.06896551724137931 0.05 0.06666666666666667 0.06896551724137931 0.0 0.06060606060606061 0.06896551724137931 0.06896551724137931 0.07407407407407407 0.041666666666666664 0.045454545454545456 0.041666666666666664 0.07317073170731707 0.07407407407407407 0.058823529411764705 0.03571428571428571 0.11764705882352941 0.1 0.15625 0.15625 0.125 0.16129032258064516 0.12 0.09090909090909091 0.08333333333333333 0.09090909090909091 0.0 0.14285714285714285 0.0 0.0 0.0 0.11538461538461539 0.125 0.0 
org.uma.jmetal.component.algorithm.singleobjective.GeneticAlgorithmBuilder$1 0.09375 0.03636363636363636 0.041666666666666664 0.14285714285714285 0.07142857142857142 0.16666666666666666 0.0 0.09803921568627451 0.21428571428571427 1.0 1.0 0.07142857142857142 0.0 0.045454545454545456 0.0 0.03333333333333333 0.0625 0.07142857142857142 0.06382978723404255 0.1 0.15151515151515152 0.16666666666666666 0.15625 0.15625 0.10344827586206896 0.08333333333333333 0.08333333333333333 0.05128205128205128 0.06896551724137931 0.06451612903225806 0.1388888888888889 0.05660377358490566 0.02564102564102564 0.03333333333333333 0.021739130434782608 0.10144927536231885 0.15217391304347827 0.045454545454545456 0.047619047619047616 0.11940298507462686 0.05 0.10526315789473684 0.0 0.0 0.02857142857142857 0.0 0.0 0.0 0.0 0.0 0.034482758620689655 0.0 0.037037037037037035 0.0 0.037037037037037035 0.037037037037037035 0.0 0.0 0.0 0.0 0.0 0.0 0.0 0.0 0.0 0.0 0.0 0.0 0.0 0.0 0.0 0.0 0.0 0.06 0.06521739130434782 0.06666666666666667 0.05 0.03333333333333333 0.07547169811320754 0.0 0.11627906976744186 0.0 0.06557377049180328 0.04 0.0 0.0 0.043478260869565216 0.07547169811320754 0.08888888888888889 0.08333333333333333 0.0784313725490196 0.07692307692307693 0.1111111111111111 0.0851063829787234 0.0 0.08163265306122448 0.10526315789473684 0.06896551724137931 0.06896551724137931 0.05 0.06666666666666667 0.06896551724137931 0.0 0.06060606060606061 0.06896551724137931 0.06896551724137931 0.07407407407407407 0.041666666666666664 0.045454545454545456 0.041666666666666664 0.07317073170731707 0.07407407407407407 0.058823529411764705 0.03571428571428571 0.11764705882352941 0.1 0.15625 0.15625 0.125 0.16129032258064516 0.12 0.09090909090909091 0.08333333333333333 0.09090909090909091 0.0 0.14285714285714285 0.0 0.0 0.0 0.11538461538461539 0.125 0.0 
org.uma.jmetal.component.catalogue.common.evaluation.Evaluation 0.3050847457627119 0.0847457627118644 0.0 0.05 0.0 0.08450704225352113 0.0 0.06779661016949153 0.09433962264150944 0.07142857142857142 0.07142857142857142 1.0 0.07142857142857142 0.7096774193548387 0.03571428571428571 0.4074074074074074 0.3488372093023256 0.5294117647058824 0.35714285714285715 0.3333333333333333 0.2857142857142857 0.3125 0.29411764705882354 0.29411764705882354 0.02631578947368421 0.5333333333333333 0.5333333333333333 0.2631578947368421 0.35714285714285715 0.3333333333333333 0.5 0.3695652173913043 0.3055555555555556 0.35714285714285715 0.058823529411764705 0.09210526315789473 0.2 0.07142857142857142 0.07407407407407407 0.10810810810810811 0.4411764705882353 0.4411764705882353 0.06451612903225806 0.18518518518518517 0.13157894736842105 0.13793103448275862 0.13333333333333333 0.0 0.13793103448275862 0.18518518518518517 0.15625 0.14814814814814814 0.12903225806451613 0.14814814814814814 0.12903225806451613 0.12903225806451613 0.13793103448275862 0.1724137931034483 0.15625 0.18518518518518517 0.17857142857142858 0.17857142857142858 0.16129032258064516 0.18518518518518517 0.16666666666666666 0.20689655172413793 0.16216216216216217 0.0 0.0 0.12903225806451613 0.09090909090909091 0.11428571428571428 0.0 0.09090909090909091 0.09803921568627451 0.0 0.020833333333333332 0.0 0.0847457627118644 0.0 0.1 0.0 0.1076923076923077 0.0 0.0 0.0 0.0 0.10344827586206896 0.09803921568627451 0.045454545454545456 0.10714285714285714 0.10526315789473684 0.11904761904761904 0.11538461538461539 0.0 0.09090909090909091 0.11363636363636363 0.0 0.0 0.04477611940298507 0.0 0.0 0.0 0.0 0.13114754098360656 0.13114754098360656 0.0 0.0 0.0 0.0 0.1590909090909091 0.0 0.12962962962962962 0.0 0.0975609756097561 0.10869565217391304 0.1282051282051282 0.1282051282051282 0.0 0.13157894736842105 0.0 0.0 0.0 0.0 0.0 0.11904761904761904 0.0 0.0 0.0 0.0 0.075 0.10714285714285714 
org.uma.jmetal.component.catalogue.common.evaluation.impl.MultiThreadedEvaluation 0.0 0.0 0.0 0.0 0.0 0.0 0.0 0.0 0.0 0.0 0.0 0.07142857142857142 1.0 0.14814814814814814 0.16666666666666666 0.06666666666666667 0.0 0.034482758620689655 0.0 0.058823529411764705 0.0 0.0 0.0 0.0 0.0 0.0 0.0 0.0 0.0 0.0 0.0 0.0 0.0 0.0 0.0 0.0 0.0 0.0 0.0 0.0 0.0 0.0 0.0 0.0 0.0 0.0 0.0 0.0 0.0 0.0 0.0 0.0 0.0 0.0 0.0 0.0 0.0 0.0 0.0 0.0 0.0 0.0 0.0 0.0 0.0 0.0 0.0 0.0 0.0 0.0 0.0 0.0 0.0 0.0 0.0 0.0 0.0 0.0 0.0 0.0 0.0 0.0 0.0 0.0 0.0 0.0 0.0 0.0 0.0 0.0 0.0 0.0 0.0 0.0 0.0 0.0 0.0 0.0 0.0 0.0 0.0 0.0 0.0 0.0 0.021739130434782608 0.021739130434782608 0.0 0.0 0.0 0.0 0.0 0.0 0.0 0.0 0.0 0.0 0.0 0.0 0.0 0.0 0.0 0.0 0.0 0.0 0.0 0.0 0.0 0.0 0.0 0.0 0.0 0.0 
org.uma.jmetal.component.catalogue.common.evaluation.impl.SequentialEvaluation 0.25806451612903225 0.06557377049180328 0.0 0.04918032786885246 0.0 0.0684931506849315 0.0 0.06666666666666667 0.07272727272727272 0.045454545454545456 0.045454545454545456 0.7096774193548387 0.14814814814814814 1.0 0.034482758620689655 0.25806451612903225 0.2826086956521739 0.43243243243243246 0.28888888888888886 0.3225806451612903 0.24324324324324326 0.2647058823529412 0.25 0.25 0.0 0.42424242424242425 0.42424242424242425 0.1951219512195122 0.25806451612903225 0.24242424242424243 0.4 0.30612244897959184 0.23076923076923078 0.25806451612903225 0.057692307692307696 0.07692307692307693 0.1509433962264151 0.06896551724137931 0.07142857142857142 0.09210526315789473 0.35135135135135137 0.35135135135135137 0.0625 0.13793103448275862 0.1 0.13333333333333333 0.12903225806451613 0.0 0.13333333333333333 0.13793103448275862 0.11764705882352941 0.14285714285714285 0.125 0.14285714285714285 0.125 0.125 0.13333333333333333 0.12903225806451613 0.11764705882352941 0.13793103448275862 0.13333333333333333 0.13333333333333333 0.12121212121212122 0.13793103448275862 0.125 0.16129032258064516 0.1282051282051282 0.0 0.0 0.125 0.08888888888888889 0.1111111111111111 0.0 0.07017543859649122 0.05555555555555555 0.0 0.02040816326530612 0.0 0.06557377049180328 0.0 0.05660377358490566 0.0 0.07352941176470588 0.0 0.0 0.0 0.0 0.08333333333333333 0.05555555555555555 0.0 0.08620689655172414 0.0847457627118644 0.06666666666666667 0.07272727272727272 0.0 0.05172413793103448 0.06382978723404255 0.0 0.0 0.05970149253731343 0.0 0.0 0.0 0.0 0.1111111111111111 0.1111111111111111 0.0 0.0 0.0 0.0 0.13043478260869565 0.0 0.10714285714285714 0.0 0.045454545454545456 0.061224489795918366 0.07142857142857142 0.07142857142857142 0.0 0.07317073170731707 0.0 0.0 0.0 0.0 0.0 0.06666666666666667 0.0 0.0 0.0 0.0 0.023255813953488372 0.10344827586206896 
org.uma.jmetal.component.catalogue.common.evaluation.impl.SequentialEvaluationWithArchive 0.0 0.0 0.0 0.02564102564102564 0.0 0.018867924528301886 0.0 0.0 0.0 0.0 0.0 0.03571428571428571 0.16666666666666666 0.034482758620689655 1.0 0.0 0.0 0.0 0.0 0.0 0.0 0.0 0.0 0.0 0.0 0.0 0.0 0.0 0.0 0.0 0.0 0.0 0.0 0.0 0.0 0.0 0.0 0.0 0.0 0.0 0.0 0.0 0.0 0.0 0.0 0.0 0.0 0.0 0.0 0.0 0.0 0.0 0.0 0.0 0.0 0.0 0.0 0.0 0.0 0.0 0.0 0.0 0.0 0.0 0.0 0.0 0.0 0.0 0.0 0.0 0.0 0.0 0.0 0.0 0.0 0.0 0.0 0.07142857142857142 0.0 0.0 0.0 0.0 0.0 0.0 0.0 0.0 0.0 0.0 0.0 0.0 0.0 0.0 0.0 0.029411764705882353 0.0 0.0 0.0 0.0 0.0 0.0 0.0 0.0 0.0 0.11764705882352941 0.0 0.0 0.0 0.0 0.0 0.0 0.0 0.0 0.0 0.0 0.0 0.0 0.0 0.0 0.0 0.0 0.0 0.0 0.0 0.0 0.0 0.0 0.0 0.0 0.0 0.0 0.0 0.0 
org.uma.jmetal.component.catalogue.common.solutionscreation.SolutionsCreation 0.18867924528301888 0.1111111111111111 0.0 0.0 0.0 0.016129032258064516 0.0 0.0 0.023255813953488372 0.03333333333333333 0.03333333333333333 0.4074074074074074 0.06666666666666667 0.25806451612903225 0.0 1.0 0.29411764705882354 0.4074074074074074 0.30303030303030304 0.13043478260869565 0.10714285714285714 0.12 0.1111111111111111 0.1111111111111111 0.041666666666666664 0.391304347826087 0.391304347826087 0.36 0.6 0.5294117647058824 0.36 0.225 0.375 0.6 0.05263157894736842 0.045454545454545456 0.06976744186046512 0.14285714285714285 0.15384615384615385 0.046153846153846156 0.34615384615384615 0.34615384615384615 0.11764705882352941 0.38461538461538464 0.20833333333333334 0.26666666666666666 0.25 0.0 0.26666666666666666 0.38461538461538464 0.2777777777777778 0.3076923076923077 0.23529411764705882 0.3076923076923077 0.23529411764705882 0.23529411764705882 0.26666666666666666 0.3333333333333333 0.2777777777777778 0.38461538461538464 0.35714285714285715 0.35714285714285715 0.29411764705882354 0.38461538461538464 0.3125 0.4 0.2608695652173913 0.0 0.0 0.23529411764705882 0.13333333333333333 0.19047619047619047 0.0 0.09523809523809523 0.10526315789473684 0.0 0.0 0.0 0.08695652173913043 0.0 0.10810810810810811 0.0 0.07407407407407407 0.0 0.0 0.0 0.0 0.08695652173913043 0.10526315789473684 0.06666666666666667 0.09090909090909091 0.08888888888888889 0.13793103448275862 0.1 0.0 0.09523809523809523 0.12903225806451613 0.0 0.0 0.037037037037037035 0.0 0.0 0.0 0.0 0.1 0.1 0.0 0.0 0.0 0.0 0.15625 0.0 0.11904761904761904 0.0 0.14814814814814814 0.12121212121212122 0.15384615384615385 0.15384615384615385 0.0 0.16 0.0 0.0 0.0 0.0 0.0 0.13793103448275862 0.0 0.0 0.0 0.0 0.11538461538461539 0.21428571428571427 
org.uma.jmetal.component.catalogue.common.solutionscreation.impl.LatinHypercubeSamplingSolutionsCreation 0.25757575757575757 0.07692307692307693 0.0 0.06153846153846154 0.023809523809523808 0.07792207792207792 0.0 0.06153846153846154 0.06666666666666667 0.0625 0.0625 0.3488372093023256 0.0 0.2826086956521739 0.0 0.29411764705882354 1.0 0.5675675675675675 0.9090909090909091 0.21052631578947367 0.21428571428571427 0.23076923076923078 0.21951219512195122 0.21951219512195122 0.022727272727272728 0.40540540540540543 0.40540540540540543 0.2558139534883721 0.29411764705882354 0.2777777777777778 0.38461538461538464 0.2777777777777778 0.2619047619047619 0.29411764705882354 0.07142857142857142 0.08536585365853659 0.17857142857142858 0.058823529411764705 0.06060606060606061 0.11392405063291139 0.375 0.375 0.05405405405405406 0.15151515151515152 0.11363636363636363 0.11428571428571428 0.1111111111111111 0.0 0.11428571428571428 0.15151515151515152 0.13157894736842105 0.12121212121212122 0.10810810810810811 0.12121212121212122 0.10810810810810811 0.10810810810810811 0.11428571428571428 0.14285714285714285 0.13157894736842105 0.15151515151515152 0.14705882352941177 0.14705882352941177 0.13513513513513514 0.15151515151515152 0.1388888888888889 0.17142857142857143 0.13953488372093023 0.0 0.0 0.10810810810810811 0.125 0.0975609756097561 0.029411764705882353 0.1 0.10714285714285714 0.022727272727272728 0.018518518518518517 0.023255813953488372 0.1111111111111111 0.0 0.12962962962962962 0.0 0.13043478260869565 0.02631578947368421 0.0 0.0 0.027777777777777776 0.12903225806451613 0.12727272727272726 0.08333333333333333 0.13333333333333333 0.13114754098360656 0.1276595744680851 0.14285714285714285 0.0 0.1 0.12244897959183673 0.023255813953488372 0.023255813953488372 0.05555555555555555 0.046511627906976744 0.023255813953488372 0.0 0.043478260869565216 0.13636363636363635 0.13636363636363635 0.0 0.0 0.0 0.0 0.14 0.0 0.11666666666666667 0.024390243902439025 0.10869565217391304 0.11764705882352941 0.13636363636363635 0.13636363636363635 0.02564102564102564 0.13953488372093023 0.025 0.027777777777777776 0.02631578947368421 0.027777777777777776 0.0 0.1276595744680851 0.0 0.0 0.0 0.024390243902439025 0.06521739130434782 0.08823529411764706 
org.uma.jmetal.component.catalogue.common.solutionscreation.impl.RandomSolutionsCreation 0.3275862068965517 0.0847457627118644 0.0 0.05 0.0 0.1 0.0 0.06779661016949153 0.09433962264150944 0.07142857142857142 0.07142857142857142 0.5294117647058824 0.034482758620689655 0.43243243243243246 0.0 0.4074074074074074 0.5675675675675675 1.0 0.5833333333333334 0.3333333333333333 0.2857142857142857 0.3125 0.29411764705882354 0.29411764705882354 0.02631578947368421 0.5333333333333333 0.5333333333333333 0.2972972972972973 0.35714285714285715 0.3333333333333333 0.5 0.3404255319148936 0.3055555555555556 0.35714285714285715 0.058823529411764705 0.09210526315789473 0.17647058823529413 0.07142857142857142 0.07407407407407407 0.10810810810810811 0.4411764705882353 0.4411764705882353 0.06451612903225806 0.18518518518518517 0.13157894736842105 0.13793103448275862 0.13333333333333333 0.0 0.13793103448275862 0.18518518518518517 0.15625 0.14814814814814814 0.12903225806451613 0.14814814814814814 0.12903225806451613 0.12903225806451613 0.13793103448275862 0.1724137931034483 0.15625 0.18518518518518517 0.17857142857142858 0.17857142857142858 0.16129032258064516 0.18518518518518517 0.16666666666666666 0.20689655172413793 0.16216216216216217 0.0 0.0 0.12903225806451613 0.09090909090909091 0.11428571428571428 0.0 0.09090909090909091 0.09803921568627451 0.0 0.0 0.0 0.10344827586206896 0.0 0.12244897959183673 0.0 0.125 0.0 0.0 0.0 0.0 0.12280701754385964 0.12 0.06976744186046512 0.12727272727272726 0.125 0.14634146341463414 0.13725490196078433 0.0 0.09090909090909091 0.13953488372093023 0.0 0.0 0.04477611940298507 0.02631578947368421 0.0 0.0 0.024390243902439025 0.13114754098360656 0.13114754098360656 0.0 0.0 0.0 0.0 0.1590909090909091 0.0 0.12962962962962962 0.0 0.0975609756097561 0.10869565217391304 0.1282051282051282 0.1282051282051282 0.0 0.13157894736842105 0.0 0.0 0.0 0.0 0.0 0.11904761904761904 0.0 0.0 0.0 0.0 0.075 0.10714285714285714 
org.uma.jmetal.component.catalogue.common.solutionscreation.impl.ScatterSearchSolutionsCreation 0.26153846153846155 0.078125 0.0 0.0625 0.024390243902439025 0.07894736842105263 0.0 0.0625 0.06779661016949153 0.06382978723404255 0.06382978723404255 0.35714285714285715 0.0 0.28888888888888886 0.0 0.30303030303030304 0.9090909090909091 0.5833333333333334 1.0 0.21621621621621623 0.21951219512195122 0.23684210526315788 0.225 0.225 0.023255813953488372 0.4166666666666667 0.4166666666666667 0.2619047619047619 0.30303030303030304 0.2857142857142857 0.39473684210526316 0.2830188679245283 0.2682926829268293 0.30303030303030304 0.05357142857142857 0.08641975308641975 0.16071428571428573 0.06060606060606061 0.0625 0.10126582278481013 0.35 0.35 0.05555555555555555 0.15625 0.11627906976744186 0.11764705882352941 0.11428571428571428 0.0 0.11764705882352941 0.15625 0.13513513513513514 0.125 0.1111111111111111 0.125 0.1111111111111111 0.1111111111111111 0.11764705882352941 0.14705882352941177 0.13513513513513514 0.15625 0.15151515151515152 0.15151515151515152 0.1388888888888889 0.15625 0.14285714285714285 0.17647058823529413 0.14285714285714285 0.0 0.0 0.1111111111111111 0.1276595744680851 0.1 0.030303030303030304 0.1016949152542373 0.10909090909090909 0.023255813953488372 0.018867924528301886 0.023809523809523808 0.11290322580645161 0.0 0.1320754716981132 0.0 0.1323529411764706 0.02702702702702703 0.0 0.0 0.02857142857142857 0.13114754098360656 0.12962962962962962 0.0851063829787234 0.13559322033898305 0.13333333333333333 0.13043478260869565 0.14545454545454545 0.0 0.1016949152542373 0.125 0.023809523809523808 0.023809523809523808 0.056338028169014086 0.047619047619047616 0.023809523809523808 0.0 0.044444444444444446 0.13846153846153847 0.13846153846153847 0.0 0.0 0.0 0.0 0.14285714285714285 0.0 0.11864406779661017 0.025 0.1111111111111111 0.12 0.13953488372093023 0.13953488372093023 0.02631578947368421 0.14285714285714285 0.02564102564102564 0.02857142857142857 0.02702702702702703 0.02857142857142857 0.0 0.13043478260869565 0.0 0.0 0.0 0.025 0.06666666666666667 0.09090909090909091 
org.uma.jmetal.component.catalogue.common.termination.Termination 0.2037037037037037 0.0196078431372549 0.0 0.0625 0.041666666666666664 0.08333333333333333 0.0 0.0851063829787234 0.06976744186046512 0.1 0.1 0.3333333333333333 0.058823529411764705 0.3225806451612903 0.0 0.13043478260869565 0.21052631578947367 0.3333333333333333 0.21621621621621623 1.0 0.5714285714285714 0.6666666666666666 0.6 0.6 0.08 0.4166666666666667 0.4166666666666667 0.09090909090909091 0.13043478260869565 0.12 0.3333333333333333 0.21428571428571427 0.12903225806451613 0.13043478260869565 0.024390243902439025 0.05970149253731343 0.14285714285714285 0.0 0.0 0.07692307692307693 0.27586206896551724 0.27586206896551724 0.0 0.0 0.0 0.0 0.0 0.0 0.0 0.0 0.0 0.0 0.0 0.0 0.0 0.0 0.0 0.0 0.0 0.0 0.0 0.0 0.0 0.0 0.0 0.0 0.0 0.0 0.0 0.0 0.0 0.0 0.0 0.11627906976744186 0.1282051282051282 0.038461538461538464 0.027777777777777776 0.0 0.10638297872340426 0.0 0.13157894736842105 0.0 0.1320754716981132 0.0 0.0 0.0 0.0 0.13043478260869565 0.1282051282051282 0.030303030303030304 0.13636363636363635 0.13333333333333333 0.16666666666666666 0.15 0.0 0.11627906976744186 0.15625 0.04 0.04 0.09433962264150944 0.038461538461538464 0.04 0.0 0.034482758620689655 0.11764705882352941 0.11764705882352941 0.043478260869565216 0.0 0.0 0.0 0.18181818181818182 0.043478260869565216 0.13953488372093023 0.043478260869565216 0.13793103448275862 0.14705882352941177 0.18518518518518517 0.18518518518518517 0.047619047619047616 0.19230769230769232 0.045454545454545456 0.05555555555555555 0.05 0.05555555555555555 0.0 0.16666666666666666 0.0 0.0 0.0 0.043478260869565216 0.06896551724137931 0.0 
org.uma.jmetal.component.catalogue.common.termination.impl.TerminationByComputingTime 0.20689655172413793 0.017857142857142856 0.0 0.05660377358490566 0.034482758620689655 0.1111111111111111 0.0 0.07692307692307693 0.10869565217391304 0.15151515151515152 0.15151515151515152 0.2857142857142857 0.0 0.24324324324324326 0.0 0.10714285714285714 0.21428571428571427 0.2857142857142857 0.21951219512195122 0.5714285714285714 1.0 0.6666666666666666 0.7619047619047619 0.7619047619047619 0.14285714285714285 0.3448275862068966 0.3448275862068966 0.10810810810810811 0.14814814814814814 0.13793103448275862 0.3225806451612903 0.21739130434782608 0.14285714285714285 0.14814814814814814 0.021739130434782608 0.08571428571428572 0.17777777777777778 0.0 0.0 0.10294117647058823 0.2727272727272727 0.2727272727272727 0.0 0.0 0.0 0.0 0.0 0.0 0.0 0.0 0.0 0.0 0.037037037037037035 0.0 0.037037037037037035 0.037037037037037035 0.0 0.0 0.0 0.0 0.0 0.0 0.0 0.0 0.0 0.0 0.0 0.0 0.0 0.0 0.0 0.0 0.0 0.1276595744680851 0.13953488372093023 0.03225806451612903 0.024390243902439025 0.0 0.14 0.0 0.17073170731707318 0.0 0.16071428571428573 0.0 0.0 0.0 0.0 0.16326530612244897 0.13953488372093023 0.05405405405405406 0.1702127659574468 0.16666666666666666 0.17647058823529413 0.1590909090909091 0.0 0.15217391304347827 0.16666666666666666 0.03333333333333333 0.03333333333333333 0.10526315789473684 0.03225806451612903 0.03333333333333333 0.0 0.029411764705882353 0.14814814814814814 0.14814814814814814 0.03571428571428571 0.0 0.0 0.0 0.1891891891891892 0.03571428571428571 0.14893617021276595 0.03571428571428571 0.15151515151515152 0.15789473684210525 0.1935483870967742 0.1935483870967742 0.038461538461538464 0.2 0.037037037037037035 0.043478260869565216 0.04 0.043478260869565216 0.0 0.17647058823529413 0.0 0.0 0.0 0.03571428571428571 0.09090909090909091 0.0 
org.uma.jmetal.component.catalogue.common.termination.impl.TerminationByEvaluations 0.21818181818181817 0.018867924528301886 0.0 0.06 0.038461538461538464 0.11666666666666667 0.0 0.08163265306122448 0.11627906976744186 0.16666666666666666 0.16666666666666666 0.3125 0.0 0.2647058823529412 0.0 0.12 0.23076923076923078 0.3125 0.23684210526315788 0.6666666666666666 0.6666666666666666 1.0 0.7 0.7 0.16 0.38461538461538464 0.38461538461538464 0.11764705882352941 0.16666666666666666 0.15384615384615385 0.35714285714285715 0.23255813953488372 0.15625 0.16666666666666666 0.023255813953488372 0.08955223880597014 0.19047619047619047 0.0 0.0 0.1076923076923077 0.3 0.3 0.0 0.0 0.0 0.0 0.0 0.0 0.0 0.0 0.0 0.0 0.041666666666666664 0.0 0.041666666666666664 0.041666666666666664 0.0 0.0 0.0 0.0 0.0 0.0 0.0 0.0 0.0 0.0 0.0 0.0 0.0 0.0 0.0 0.0 0.0 0.13636363636363635 0.15 0.03571428571428571 0.02631578947368421 0.0 0.125 0.0 0.15384615384615385 0.0 0.14814814814814814 0.0 0.0 0.0 0.0 0.14893617021276595 0.15 0.058823529411764705 0.15555555555555556 0.15217391304347827 0.1935483870967742 0.17073170731707318 0.0 0.13636363636363635 0.18181818181818182 0.037037037037037035 0.037037037037037035 0.09090909090909091 0.03571428571428571 0.037037037037037035 0.0 0.03225806451612903 0.1346153846153846 0.1346153846153846 0.04 0.0 0.0 0.0 0.20588235294117646 0.04 0.1590909090909091 0.04 0.16666666666666666 0.17142857142857143 0.21428571428571427 0.21428571428571427 0.043478260869565216 0.2222222222222222 0.041666666666666664 0.05 0.045454545454545456 0.05 0.0 0.1935483870967742 0.0 0.0 0.0 0.04 0.1 0.0 
org.uma.jmetal.component.catalogue.common.termination.impl.TerminationByKeyboard 0.21052631578947367 0.01818181818181818 0.0 0.057692307692307696 0.03571428571428571 0.11290322580645161 0.0 0.0784313725490196 0.1111111111111111 0.15625 0.15625 0.29411764705882354 0.0 0.25 0.0 0.1111111111111111 0.21951219512195122 0.29411764705882354 0.225 0.6 0.7619047619047619 0.7 1.0 1.0 0.14814814814814814 0.35714285714285715 0.35714285714285715 0.1111111111111111 0.15384615384615385 0.14285714285714285 0.3333333333333333 0.2222222222222222 0.14705882352941177 0.15384615384615385 0.022222222222222223 0.08695652173913043 0.18181818181818182 0.0 0.0 0.1044776119402985 0.28125 0.28125 0.0 0.0 0.0 0.0 0.0 0.0 0.0 0.0 0.0 0.0 0.038461538461538464 0.0 0.038461538461538464 0.038461538461538464 0.0 0.0 0.0 0.0 0.0 0.0 0.0 0.0 0.0 0.0 0.0 0.0 0.0 0.0 0.0 0.0 0.0 0.13043478260869565 0.14285714285714285 0.03333333333333333 0.025 0.0 0.12 0.0 0.14634146341463414 0.0 0.14285714285714285 0.0 0.0 0.0 0.0 0.14285714285714285 0.14285714285714285 0.05555555555555555 0.14893617021276595 0.14583333333333334 0.18181818181818182 0.16279069767441862 0.0 0.13043478260869565 0.17142857142857143 0.034482758620689655 0.034482758620689655 0.08771929824561403 0.03333333333333333 0.034482758620689655 0.0 0.030303030303030304 0.12962962962962962 0.12962962962962962 0.037037037037037035 0.0 0.0 0.0 0.19444444444444445 0.037037037037037035 0.15217391304347827 0.037037037037037035 0.15625 0.16216216216216217 0.2 0.2 0.04 0.20689655172413793 0.038461538461538464 0.045454545454545456 0.041666666666666664 0.045454545454545456 0.0 0.18181818181818182 0.0 0.0 0.0 0.037037037037037035 0.09375 0.0 
