org.uma.jmetal.lab.experiment.Experiment 1.0 0.3176470588235294 0.6024096385542169 0.20689655172413793 0.3047619047619048 0.16842105263157894 0.05555555555555555 0.15841584158415842 0.03333333333333333 0.17346938775510204 0.18446601941747573 0.14912280701754385 0.14912280701754385 0.0 0.0 0.18 0.11304347826086956 0.09523809523809523 0.09433962264150944 0.1282051282051282 0.25 0.10101010101010101 0.13178294573643412 0.08181818181818182 0.11214953271028037 0.2012987012987013 0.022988505747126436 0.0 0.1650485436893204 0.0898876404494382 0.022988505747126436 0.06741573033707865 0.05263157894736842 0.06796116504854369 0.0673076923076923 0.06542056074766354 0.06363636363636363 0.020833333333333332 0.020833333333333332 0.022727272727272728 0.0 0.022727272727272728 0.022727272727272728 0.0 0.022222222222222223 0.02247191011235955 0.02247191011235955 0.022222222222222223 0.022222222222222223 0.03571428571428571 0.03571428571428571 0.034482758620689655 0.03409090909090909 0.02247191011235955 
org.uma.jmetal.lab.experiment.ExperimentBuilder 0.3176470588235294 1.0 0.5192307692307693 0.2835820895522388 0.36065573770491804 0.35714285714285715 0.1388888888888889 0.3125 0.08333333333333333 0.32608695652173914 0.2830188679245283 0.2222222222222222 0.2222222222222222 0.0 0.0 0.3333333333333333 0.1746031746031746 0.19607843137254902 0.19230769230769232 0.18181818181818182 0.23404255319148937 0.2222222222222222 0.19480519480519481 0.16071428571428573 0.18181818181818182 0.16964285714285715 0.06060606060606061 0.0 0.29411764705882354 0.19444444444444445 0.06060606060606061 0.0 0.12195121951219512 0.14285714285714285 0.14 0.1320754716981132 0.125 0.047619047619047616 0.047619047619047616 0.058823529411764705 0.0 0.058823529411764705 0.058823529411764705 0.0 0.05555555555555555 0.05714285714285714 0.05714285714285714 0.05555555555555555 0.05555555555555555 0.1 0.1 0.09090909090909091 0.08823529411764706 0.05714285714285714 
org.uma.jmetal.lab.experiment.component.ExperimentComponent 0.6024096385542169 0.5192307692307693 1.0 0.2891566265060241 0.4444444444444444 0.25806451612903225 0.08771929824561403 0.23529411764705882 0.05263157894736842 0.26153846153846155 0.2714285714285714 0.20987654320987653 0.20987654320987653 0.0 0.0 0.26865671641791045 0.15853658536585366 0.1388888888888889 0.136986301369863 0.17857142857142858 0.24545454545454545 0.15151515151515152 0.17708333333333334 0.11688311688311688 0.16216216216216217 0.1875 0.037037037037037035 0.0 0.24285714285714285 0.14285714285714285 0.037037037037037035 0.0 0.08064516129032258 0.1 0.09859154929577464 0.0945945945945946 0.09090909090909091 0.031746031746031744 0.031746031746031744 0.03636363636363636 0.0 0.03636363636363636 0.03636363636363636 0.0 0.03508771929824561 0.03571428571428571 0.03571428571428571 0.03508771929824561 0.03508771929824561 0.058823529411764705 0.058823529411764705 0.05555555555555555 0.05454545454545454 0.03571428571428571 
org.uma.jmetal.lab.experiment.component.impl.ComputeQualityIndicators 0.20689655172413793 0.2835820895522388 0.2891566265060241 1.0 0.3058823529411765 0.2878787878787879 0.11290322580645161 0.3382352941176471 0.046875 0.3088235294117647 0.352112676056338 0.2962962962962963 0.2962962962962963 0.0 0.0 0.2777777777777778 0.21428571428571427 0.20270270270270271 0.18421052631578946 0.19101123595505617 0.18032786885245902 0.18571428571428572 0.2 0.17721518987341772 0.2077922077922078 0.1865671641791045 0.05 0.0 0.25333333333333335 0.14516129032258066 0.03278688524590164 0.0 0.07246376811594203 0.09090909090909091 0.08974358974358974 0.08641975308641975 0.08333333333333333 0.043478260869565216 0.043478260869565216 0.03225806451612903 0.0 0.03225806451612903 0.03225806451612903 0.0 0.03125 0.031746031746031744 0.031746031746031744 0.03125 0.03125 0.05172413793103448 0.05172413793103448 0.06666666666666667 0.06557377049180328 0.04838709677419355 
org.uma.jmetal.lab.experiment.component.impl.ExecuteAlgorithms 0.3047619047619048 0.36065573770491804 0.4444444444444444 0.3058823529411765 1.0 0.28125 0.08196721311475409 0.23943661971830985 0.04918032786885246 0.2647058823529412 0.25675675675675674 0.24390243902439024 0.24390243902439024 0.0 0.0 0.2898550724637681 0.1927710843373494 0.1780821917808219 0.14473684210526316 0.1839080459770115 0.330188679245283 0.15942028985507245 0.21875 0.15384615384615385 0.2 0.248 0.034482758620689655 0.0 0.3188405797101449 0.15254237288135594 0.034482758620689655 0.0 0.07575757575757576 0.08 0.07894736842105263 0.0759493670886076 0.07317073170731707 0.045454545454545456 0.045454545454545456 0.03389830508474576 0.0 0.03389830508474576 0.03389830508474576 0.0 0.03278688524590164 0.03333333333333333 0.03333333333333333 0.03278688524590164 0.03278688524590164 0.05454545454545454 0.05454545454545454 0.07017543859649122 0.06896551724137931 0.05084745762711865 
org.uma.jmetal.lab.experiment.component.impl.GenerateBoxplotsWithR 0.16842105263157894 0.35714285714285715 0.25806451612903225 0.2878787878787879 0.28125 1.0 0.17647058823529413 0.47619047619047616 0.08571428571428572 0.5 0.28846153846153844 0.2459016393442623 0.2459016393442623 0.0 0.0 0.575 0.25862068965517243 0.22448979591836735 0.19607843137254902 0.24193548387096775 0.18556701030927836 0.22727272727272727 0.22972972972972974 0.18518518518518517 0.23076923076923078 0.16071428571428573 0.0967741935483871 0.0 0.3 0.16666666666666666 0.0625 0.0 0.125 0.12244897959183673 0.12 0.11320754716981132 0.10714285714285714 0.04878048780487805 0.04878048780487805 0.06060606060606061 0.0 0.06060606060606061 0.06060606060606061 0.0 0.05714285714285714 0.058823529411764705 0.058823529411764705 0.05714285714285714 0.05714285714285714 0.10344827586206896 0.10344827586206896 0.09375 0.09090909090909091 0.058823529411764705 
org.uma.jmetal.lab.experiment.component.impl.GenerateFriedmanHolmTestTables 0.05555555555555555 0.1388888888888889 0.08771929824561403 0.11290322580645161 0.08196721311475409 0.17647058823529413 1.0 0.1794871794871795 0.2222222222222222 0.1 0.0625 0.09090909090909091 0.09090909090909091 0.0 0.0 0.14634146341463414 0.11764705882352941 0.15789473684210525 0.15384615384615385 0.10909090909090909 0.06451612903225806 0.1875 0.08695652173913043 0.14285714285714285 0.14285714285714285 0.06542056074766354 0.2 0.07692307692307693 0.06521739130434782 0.0 0.38461538461538464 0.14285714285714285 0.07407407407407407 0.05405405405405406 0.05263157894736842 0.04878048780487805 0.045454545454545456 0.17391304347826086 0.17391304347826086 0.1875 0.0625 0.1875 0.1875 0.058823529411764705 0.16666666666666666 0.17647058823529413 0.17647058823529413 0.16666666666666666 0.16666666666666666 0.0 0.0 0.05555555555555555 0.05263157894736842 0.17647058823529413 
org.uma.jmetal.lab.experiment.component.impl.GenerateFriedmanTestTables 0.15841584158415842 0.3125 0.23529411764705882 0.3382352941176471 0.23943661971830985 0.47619047619047616 0.1794871794871795 1.0 0.07317073170731707 0.43478260869565216 0.25862068965517243 0.26153846153846155 0.26153846153846155 0.0 0.0 0.35294117647058826 0.25396825396825395 0.24528301886792453 0.21818181818181817 0.22058823529411764 0.17475728155339806 0.22448979591836735 0.18292682926829268 0.20689655172413793 0.25 0.1724137931034483 0.08108108108108109 0.0 0.26785714285714285 0.14285714285714285 0.05263157894736842 0.0 0.10869565217391304 0.17307692307692307 0.16981132075471697 0.16071428571428573 0.15254237288135594 0.06521739130434782 0.06521739130434782 0.05128205128205128 0.0 0.05128205128205128 0.05128205128205128 0.0 0.04878048780487805 0.05 0.05 0.04878048780487805 0.04878048780487805 0.08571428571428572 0.08571428571428572 0.10810810810810811 0.10526315789473684 0.07692307692307693 
org.uma.jmetal.lab.experiment.component.impl.GenerateHtmlPages 0.03333333333333333 0.08333333333333333 0.05263157894736842 0.046875 0.04918032786885246 0.08571428571428572 0.2222222222222222 0.07317073170731707 1.0 0.07692307692307693 0.06521739130434782 0.05454545454545454 0.05454545454545454 0.0 0.0 0.07142857142857142 0.057692307692307696 0.07692307692307693 0.075 0.05357142857142857 0.031914893617021274 0.09090909090909091 0.04285714285714286 0.06976744186046512 0.06976744186046512 0.05660377358490566 0.14285714285714285 0.09090909090909091 0.044444444444444446 0.0 0.23076923076923078 0.047619047619047616 0.08 0.05714285714285714 0.05555555555555555 0.05128205128205128 0.047619047619047616 0.47058823529411764 0.47058823529411764 0.4166666666666667 0.25 0.5454545454545454 0.4166666666666667 0.3333333333333333 0.35714285714285715 0.5 0.5 0.35714285714285715 0.35714285714285715 0.07692307692307693 0.07692307692307693 0.0625 0.058823529411764705 0.2 
org.uma.jmetal.lab.experiment.component.impl.GenerateLatexTablesWithStatistics 0.17346938775510204 0.32608695652173914 0.26153846153846155 0.3088235294117647 0.2647058823529412 0.5 0.1 0.43478260869565216 0.07692307692307693 1.0 0.36538461538461536 0.25 0.25 0.0 0.0 0.3958333333333333 0.2222222222222222 0.20754716981132076 0.18181818181818182 0.208955223880597 0.19 0.1836734693877551 0.20253164556962025 0.19298245614035087 0.23636363636363636 0.15517241379310345 0.08571428571428572 0.0 0.2777777777777778 0.15 0.05555555555555555 0.0 0.13953488372093023 0.18 0.15384615384615385 0.16666666666666666 0.15789473684210525 0.06818181818181818 0.06818181818181818 0.08333333333333333 0.0 0.05405405405405406 0.05405405405405406 0.0 0.05128205128205128 0.05263157894736842 0.05263157894736842 0.05128205128205128 0.05128205128205128 0.09090909090909091 0.09090909090909091 0.08333333333333333 0.08108108108108109 0.05263157894736842 
org.uma.jmetal.lab.experiment.component.impl.GenerateReferenceParetoFront 0.18446601941747573 0.2830188679245283 0.2714285714285714 0.352112676056338 0.25675675675675674 0.28846153846153844 0.0625 0.25862068965517243 0.06521739130434782 0.36538461538461536 1.0 0.359375 0.359375 0.024390243902439025 0.024390243902439025 0.2542372881355932 0.18309859154929578 0.14516129032258066 0.14285714285714285 0.15789473684210525 0.125 0.16071428571428573 0.1590909090909091 0.13636363636363635 0.171875 0.11904761904761904 0.046511627906976744 0.0 0.2459016393442623 0.17777777777777778 0.046511627906976744 0.0 0.12 0.11864406779661017 0.09836065573770492 0.1111111111111111 0.10606060606060606 0.058823529411764705 0.058823529411764705 0.06976744186046512 0.0 0.045454545454545456 0.045454545454545456 0.0 0.043478260869565216 0.044444444444444446 0.044444444444444446 0.043478260869565216 0.043478260869565216 0.075 0.075 0.06976744186046512 0.06818181818181818 0.044444444444444446 
org.uma.jmetal.lab.experiment.component.impl.GenerateReferenceParetoSetAndFrontFromDoubleSolutions 0.14912280701754385 0.2222222222222222 0.20987654320987653 0.2962962962962963 0.24390243902439024 0.2459016393442623 0.09090909090909091 0.26153846153846155 0.05454545454545454 0.25 0.359375 1.0 1.0 0.04081632653061224 0.04081632653061224 0.22058823529411764 0.24 0.21212121212121213 0.208955223880597 0.2597402597402597 0.16379310344827586 0.1935483870967742 0.20652173913043478 0.21739130434782608 0.2537313432835821 0.16279069767441862 0.058823529411764705 0.0 0.19718309859154928 0.12727272727272726 0.038461538461538464 0.0 0.14035087719298245 0.19047619047619047 0.16923076923076924 0.1791044776119403 0.17142857142857143 0.06779661016949153 0.06779661016949153 0.057692307692307696 0.0 0.03773584905660377 0.03773584905660377 0.0 0.03636363636363636 0.037037037037037035 0.037037037037037035 0.03636363636363636 0.03636363636363636 0.061224489795918366 0.061224489795918366 0.0784313725490196 0.07692307692307693 0.05660377358490566 
org.uma.jmetal.lab.experiment.component.impl.GenerateReferenceParetoSetAndFrontFromDoubleSolutions$DummyDoubleSolution 0.14912280701754385 0.2222222222222222 0.20987654320987653 0.2962962962962963 0.24390243902439024 0.2459016393442623 0.09090909090909091 0.26153846153846155 0.05454545454545454 0.25 0.359375 1.0 1.0 0.04081632653061224 0.04081632653061224 0.22058823529411764 0.24 0.21212121212121213 0.208955223880597 0.2597402597402597 0.16379310344827586 0.1935483870967742 0.20652173913043478 0.21739130434782608 0.2537313432835821 0.16279069767441862 0.058823529411764705 0.0 0.19718309859154928 0.12727272727272726 0.038461538461538464 0.0 0.14035087719298245 0.19047619047619047 0.16923076923076924 0.1791044776119403 0.17142857142857143 0.06779661016949153 0.06779661016949153 0.057692307692307696 0.0 0.03773584905660377 0.03773584905660377 0.0 0.03636363636363636 0.037037037037037035 0.037037037037037035 0.03636363636363636 0.03636363636363636 0.061224489795918366 0.061224489795918366 0.0784313725490196 0.07692307692307693 0.05660377358490566 
org.uma.jmetal.lab.experiment.component.impl.GenerateReferenceParetoSetAndFrontFromIntegerSolutions 0.0 0.0 0.0 0.0 0.0 0.0 0.0 0.0 0.0 0.0 0.024390243902439025 0.04081632653061224 0.04081632653061224 1.0 1.0 0.0 0.0 0.0 0.0 0.0 0.0 0.0 0.0 0.0 0.0 0.0 0.0 0.0 0.0 0.0 0.0 0.0 0.0 0.0 0.0 0.0 0.0 0.0 0.0 0.0 0.0 0.0 0.0 0.0 0.0 0.0 0.0 0.0 0.0 0.0 0.0 0.0 0.0 0.0 
org.uma.jmetal.lab.experiment.component.impl.GenerateReferenceParetoSetAndFrontFromIntegerSolutions$DummyIntegerSolution 0.0 0.0 0.0 0.0 0.0 0.0 0.0 0.0 0.0 0.0 0.024390243902439025 0.04081632653061224 0.04081632653061224 1.0 1.0 0.0 0.0 0.0 0.0 0.0 0.0 0.0 0.0 0.0 0.0 0.0 0.0 0.0 0.0 0.0 0.0 0.0 0.0 0.0 0.0 0.0 0.0 0.0 0.0 0.0 0.0 0.0 0.0 0.0 0.0 0.0 0.0 0.0 0.0 0.0 0.0 0.0 0.0 0.0 
org.uma.jmetal.lab.experiment.component.impl.GenerateWilcoxonTestTablesWithR 0.18 0.3333333333333333 0.26865671641791045 0.2777777777777778 0.2898550724637681 0.575 0.14634146341463414 0.35294117647058826 0.07142857142857142 0.3958333333333333 0.2542372881355932 0.22058823529411764 0.22058823529411764 0.0 0.0 1.0 0.21212121212121213 0.19642857142857142 0.1724137931034483 0.2 0.18446601941747573 0.19607843137254902 0.1951219512195122 0.16393442622950818 0.2033898305084746 0.15126050420168066 0.07894736842105263 0.0 0.2857142857142857 0.13953488372093023 0.05128205128205128 0.0 0.10638297872340426 0.10714285714285714 0.10526315789473684 0.1 0.09523809523809523 0.041666666666666664 0.041666666666666664 0.05 0.0 0.05 0.05 0.0 0.047619047619047616 0.04878048780487805 0.04878048780487805 0.047619047619047616 0.047619047619047616 0.08333333333333333 0.08333333333333333 0.07692307692307693 0.075 0.04878048780487805 
org.uma.jmetal.lab.experiment.studies.BinaryProblemsStudy 0.11304347826086956 0.1746031746031746 0.15853658536585366 0.21428571428571427 0.1927710843373494 0.25862068965517243 0.11764705882352941 0.25396825396825395 0.057692307692307696 0.2222222222222222 0.18309859154929578 0.24 0.24 0.0 0.0 0.21212121212121213 1.0 0.5098039215686274 0.41818181818181815 0.5409836065573771 0.3333333333333333 0.3148148148148148 0.44 0.5 0.62 0.3008849557522124 0.04081632653061224 0.0 0.18840579710144928 0.1346153846153846 0.04081632653061224 0.0 0.10714285714285714 0.18032786885245902 0.15873015873015872 0.16923076923076924 0.16176470588235295 0.07142857142857142 0.07142857142857142 0.061224489795918366 0.0 0.04 0.04 0.0 0.038461538461538464 0.0392156862745098 0.0392156862745098 0.038461538461538464 0.038461538461538464 0.0425531914893617 0.0425531914893617 0.061224489795918366 0.06 0.06 
org.uma.jmetal.lab.experiment.studies.ConstraintProblemsStudy 0.09523809523809523 0.19607843137254902 0.1388888888888889 0.20270270270270271 0.1780821917808219 0.22448979591836735 0.15789473684210525 0.24528301886792453 0.07692307692307693 0.20754716981132076 0.14516129032258066 0.21212121212121213 0.21212121212121213 0.0 0.0 0.19642857142857142 0.5098039215686274 1.0 0.625 0.42105263157894735 0.27956989247311825 0.5263157894736842 0.39705882352941174 0.6585365853658537 0.7 0.2761904761904762 0.05555555555555555 0.0 0.15 0.12195121951219512 0.05555555555555555 0.023255813953488372 0.11363636363636363 0.20408163265306123 0.2 0.18867924528301888 0.17857142857142858 0.09302325581395349 0.09302325581395349 0.05405405405405406 0.0 0.05405405405405406 0.05405405405405406 0.0 0.05128205128205128 0.05263157894736842 0.05263157894736842 0.05128205128205128 0.05128205128205128 0.058823529411764705 0.058823529411764705 0.08333333333333333 0.08108108108108109 0.08108108108108109 
org.uma.jmetal.lab.experiment.studies.DTLZStudy 0.09433962264150944 0.19230769230769232 0.136986301369863 0.18421052631578946 0.14473684210526316 0.19607843137254902 0.15384615384615385 0.21818181818181817 0.075 0.18181818181818182 0.14285714285714285 0.208955223880597 0.208955223880597 0.0 0.0 0.1724137931034483 0.41818181818181815 0.625 1.0 0.3442622950819672 0.23711340206185566 0.6388888888888888 0.3150684931506849 0.5333333333333333 0.5681818181818182 0.2616822429906542 0.05405405405405406 0.0 0.12903225806451613 0.14634146341463414 0.05405405405405406 0.022727272727272728 0.13636363636363635 0.2 0.17307692307692307 0.18518518518518517 0.17543859649122806 0.11627906976744186 0.11627906976744186 0.08108108108108109 0.0 0.05263157894736842 0.05263157894736842 0.0 0.05 0.05128205128205128 0.05128205128205128 0.05 0.05 0.05714285714285714 0.05714285714285714 0.08108108108108109 0.07894736842105263 0.07894736842105263 
org.uma.jmetal.lab.experiment.studies.NSGAIIComputingReferenceParetoFrontsStudy 0.1282051282051282 0.18181818181818182 0.17857142857142858 0.19101123595505617 0.1839080459770115 0.24193548387096775 0.10909090909090909 0.22058823529411764 0.05357142857142857 0.208955223880597 0.15789473684210525 0.2597402597402597 0.2597402597402597 0.0 0.0 0.2 0.5409836065573771 0.42105263157894735 0.3442622950819672 1.0 0.4166666666666667 0.2711864406779661 0.5774647887323944 0.4406779661016949 0.5740740740740741 0.37272727272727274 0.03773584905660377 0.0 0.16216216216216217 0.10526315789473684 0.03773584905660377 0.0 0.1 0.16923076923076924 0.14925373134328357 0.15942028985507245 0.1527777777777778 0.06666666666666667 0.06666666666666667 0.05660377358490566 0.0 0.037037037037037035 0.037037037037037035 0.0 0.03571428571428571 0.03636363636363636 0.03636363636363636 0.03571428571428571 0.03571428571428571 0.0392156862745098 0.0392156862745098 0.05660377358490566 0.05555555555555555 0.05555555555555555 
org.uma.jmetal.lab.experiment.studies.NSGAIIStudy 0.25 0.23404255319148937 0.24545454545454545 0.18032786885245902 0.330188679245283 0.18556701030927836 0.06451612903225806 0.17475728155339806 0.031914893617021274 0.19 0.125 0.16379310344827586 0.16379310344827586 0.0 0.0 0.18446601941747573 0.3333333333333333 0.27956989247311825 0.23711340206185566 0.4166666666666667 1.0 0.18947368421052632 0.40186915887850466 0.24242424242424243 0.30851063829787234 0.5365853658536586 0.02197802197802198 0.0 0.20388349514563106 0.08602150537634409 0.02197802197802198 0.06451612903225806 0.061224489795918366 0.11764705882352941 0.10576923076923077 0.11320754716981132 0.11009174311926606 0.04081632653061224 0.04081632653061224 0.03296703296703297 0.0 0.021739130434782608 0.021739130434782608 0.0 0.02127659574468085 0.021505376344086023 0.021505376344086023 0.02127659574468085 0.02127659574468085 0.02247191011235955 0.02247191011235955 0.03296703296703297 0.03260869565217391 0.03260869565217391 
org.uma.jmetal.lab.experiment.studies.WFGStudy 0.10101010101010101 0.2222222222222222 0.15151515151515152 0.18571428571428572 0.15942028985507245 0.22727272727272727 0.1875 0.22448979591836735 0.09090909090909091 0.1836734693877551 0.16071428571428573 0.1935483870967742 0.1935483870967742 0.0 0.0 0.19607843137254902 0.3148148148148148 0.5263157894736842 0.6388888888888888 0.2711864406779661 0.18947368421052632 1.0 0.2714285714285714 0.47619047619047616 0.47619047619047616 0.20754716981132076 0.06666666666666667 0.0 0.125 0.17647058823529413 0.06666666666666667 0.02702702702702703 0.16216216216216217 0.15217391304347827 0.125 0.14 0.1320754716981132 0.1388888888888889 0.1388888888888889 0.1 0.0 0.06451612903225806 0.06451612903225806 0.0 0.06060606060606061 0.0625 0.0625 0.06060606060606061 0.06060606060606061 0.07142857142857142 0.07142857142857142 0.1 0.0967741935483871 0.0967741935483871 
org.uma.jmetal.lab.experiment.studies.ZDTComputingReferenceParetoFrontsStudy 0.13178294573643412 0.19480519480519481 0.17708333333333334 0.2 0.21875 0.22972972972972974 0.08695652173913043 0.18292682926829268 0.04285714285714286 0.20253164556962025 0.1590909090909091 0.20652173913043478 0.20652173913043478 0.0 0.0 0.1951219512195122 0.44 0.39705882352941174 0.3150684931506849 0.5774647887323944 0.40186915887850466 0.2714285714285714 1.0 0.45588235294117646 0.5230769230769231 0.4864864864864865 0.029850746268656716 0.0 0.14942528735632185 0.08450704225352113 0.029850746268656716 0.013513513513513514 0.08108108108108109 0.13924050632911392 0.1375 0.13253012048192772 0.1411764705882353 0.0684931506849315 0.0684931506849315 0.04477611940298507 0.0 0.029411764705882353 0.029411764705882353 0.0 0.02857142857142857 0.028985507246376812 0.028985507246376812 0.02857142857142857 0.02857142857142857 0.03076923076923077 0.03076923076923077 0.04477611940298507 0.04411764705882353 0.04411764705882353 
org.uma.jmetal.lab.experiment.studies.ZDTScalabilityComputingReferenceParetoFrontsStudy 0.08181818181818182 0.16071428571428573 0.11688311688311688 0.17721518987341772 0.15384615384615385 0.18518518518518517 0.14285714285714285 0.20689655172413793 0.06976744186046512 0.19298245614035087 0.13636363636363635 0.21739130434782608 0.21739130434782608 0.0 0.0 0.16393442622950818 0.5 0.6585365853658537 0.5333333333333333 0.4406779661016949 0.24242424242424243 0.47619047619047616 0.45588235294117646 1.0 0.7560975609756098 0.26605504587155965 0.05 0.0 0.12307692307692308 0.1111111111111111 0.05 0.02127659574468085 0.1276595744680851 0.21153846153846154 0.18518518518518517 0.19642857142857142 0.1864406779661017 0.10869565217391304 0.10869565217391304 0.075 0.0 0.04878048780487805 0.04878048780487805 0.0 0.046511627906976744 0.047619047619047616 0.047619047619047616 0.046511627906976744 0.046511627906976744 0.05263157894736842 0.05263157894736842 0.075 0.07317073170731707 0.07317073170731707 
org.uma.jmetal.lab.experiment.studies.ZDTScalabilityStudy 0.11214953271028037 0.18181818181818182 0.16216216216216217 0.2077922077922078 0.2 0.23076923076923078 0.14285714285714285 0.25 0.06976744186046512 0.23636363636363636 0.171875 0.2537313432835821 0.2537313432835821 0.0 0.0 0.2033898305084746 0.62 0.7 0.5681818181818182 0.5740740740740741 0.30851063829787234 0.47619047619047616 0.5230769230769231 0.7560975609756098 1.0 0.3269230769230769 0.05 0.0 0.1774193548387097 0.13636363636363635 0.05 0.02127659574468085 0.1276595744680851 0.21153846153846154 0.18518518518518517 0.19642857142857142 0.1864406779661017 0.10869565217391304 0.10869565217391304 0.075 0.0 0.04878048780487805 0.04878048780487805 0.0 0.046511627906976744 0.047619047619047616 0.047619047619047616 0.046511627906976744 0.046511627906976744 0.05263157894736842 0.05263157894736842 0.075 0.07317073170731707 0.07317073170731707 
org.uma.jmetal.lab.experiment.studies.ZDTStudy 0.2012987012987013 0.16964285714285715 0.1875 0.1865671641791045 0.248 0.16071428571428573 0.06542056074766354 0.1724137931034483 0.05660377358490566 0.15517241379310345 0.11904761904761904 0.16279069767441862 0.16279069767441862 0.0 0.0 0.15126050420168066 0.3008849557522124 0.2761904761904762 0.2616822429906542 0.37272727272727274 0.5365853658536586 0.20754716981132076 0.4864864864864865 0.26605504587155965 0.3269230769230769 1.0 0.018867924528301886 0.0 0.1487603305785124 0.06422018348623854 0.02857142857142857 0.07547169811320754 0.05309734513274336 0.09322033898305085 0.08333333333333333 0.09016393442622951 0.088 0.07339449541284404 0.07339449541284404 0.0380952380952381 0.0 0.02830188679245283 0.018691588785046728 0.009345794392523364 0.01834862385321101 0.028037383177570093 0.028037383177570093 0.027777777777777776 0.027777777777777776 0.019230769230769232 0.019230769230769232 0.02830188679245283 0.028037383177570093 0.028037383177570093 
org.uma.jmetal.lab.experiment.util.AlgorithmReturningASubSetOfSolutions 0.022988505747126436 0.06060606060606061 0.037037037037037035 0.05 0.034482758620689655 0.0967741935483871 0.2 0.08108108108108109 0.14285714285714285 0.08571428571428572 0.046511627906976744 0.058823529411764705 0.058823529411764705 0.0 0.0 0.07894736842105263 0.04081632653061224 0.05555555555555555 0.05405405405405406 0.03773584905660377 0.02197802197802198 0.06666666666666667 0.029850746268656716 0.05 0.05 0.018867924528301886 1.0 0.0 0.10256410256410256 0.0 0.2 0.0 0.09523809523809523 0.06451612903225806 0.0625 0.05714285714285714 0.05263157894736842 0.10526315789473684 0.10526315789473684 0.18181818181818182 0.0 0.18181818181818182 0.18181818181818182 0.0 0.15384615384615385 0.16666666666666666 0.16666666666666666 0.15384615384615385 0.15384615384615385 0.0 0.0 0.0 0.0 0.16666666666666666 
org.uma.jmetal.lab.experiment.util.CDFNormal 0.0 0.0 0.0 0.0 0.0 0.0 0.07692307692307693 0.0 0.09090909090909091 0.0 0.0 0.0 0.0 0.0 0.0 0.0 0.0 0.0 0.0 0.0 0.0 0.0 0.0 0.0 0.0 0.0 0.0 1.0 0.0 0.0 0.3333333333333333 0.07692307692307693 0.0 0.0 0.0 0.0 0.0 0.0625 0.0625 0.125 0.16666666666666666 0.125 0.125 0.14285714285714285 0.1 0.1111111111111111 0.1111111111111111 0.1 0.1 0.0 0.0 0.0 0.0 0.0 
org.uma.jmetal.lab.experiment.util.ExperimentAlgorithm 0.1650485436893204 0.29411764705882354 0.24285714285714285 0.25333333333333335 0.3188405797101449 0.3 0.06521739130434782 0.26785714285714285 0.044444444444444446 0.2777777777777778 0.2459016393442623 0.19718309859154928 0.19718309859154928 0.0 0.0 0.2857142857142857 0.18840579710144928 0.15 0.12903225806451613 0.16216216216216217 0.20388349514563106 0.125 0.14942528735632185 0.12307692307692308 0.1774193548387097 0.1487603305785124 0.10256410256410256 0.0 1.0 0.275 0.04878048780487805 0.0 0.10204081632653061 0.12280701754385964 0.16071428571428573 0.11475409836065574 0.14516129032258066 0.04 0.04 0.047619047619047616 0.0 0.047619047619047616 0.047619047619047616 0.0 0.045454545454545456 0.046511627906976744 0.046511627906976744 0.045454545454545456 0.045454545454545456 0.07894736842105263 0.07894736842105263 0.07317073170731707 0.07142857142857142 0.046511627906976744 
org.uma.jmetal.lab.experiment.util.ExperimentProblem 0.0898876404494382 0.19444444444444445 0.14285714285714285 0.14516129032258066 0.15254237288135594 0.16666666666666666 0.0 0.14285714285714285 0.0 0.15 0.17777777777777778 0.12727272727272726 0.12727272727272726 0.0 0.0 0.13953488372093023 0.1346153846153846 0.12195121951219512 0.14634146341463414 0.10526315789473684 0.08602150537634409 0.17647058823529413 0.08450704225352113 0.1111111111111111 0.13636363636363635 0.06422018348623854 0.0 0.0 0.275 1.0 0.0 0.0 0.14814814814814814 0.1388888888888889 0.13513513513513514 0.125 0.11627906976744186 0.0 0.0 0.0 0.0 0.0 0.0 0.0 0.0 0.0 0.0 0.0 0.0 0.2 0.2 0.16666666666666666 0.15789473684210525 0.0 
org.uma.jmetal.lab.experiment.util.FriedmanTest 0.022988505747126436 0.06060606060606061 0.037037037037037035 0.03278688524590164 0.034482758620689655 0.0625 0.38461538461538464 0.05263157894736842 0.23076923076923078 0.05555555555555555 0.046511627906976744 0.038461538461538464 0.038461538461538464 0.0 0.0 0.05128205128205128 0.04081632653061224 0.05555555555555555 0.05405405405405406 0.03773584905660377 0.02197802197802198 0.06666666666666667 0.029850746268656716 0.05 0.05 0.02857142857142857 0.2 0.3333333333333333 0.04878048780487805 0.0 1.0 0.2 0.09523809523809523 0.06451612903225806 0.0625 0.05714285714285714 0.05263157894736842 0.16666666666666666 0.16666666666666666 0.3 0.1 0.3 0.3 0.09090909090909091 0.25 0.2727272727272727 0.2727272727272727 0.25 0.25 0.0 0.0 0.0 0.0 0.16666666666666666 
org.uma.jmetal.lab.experiment.util.Pareja 0.06741573033707865 0.0 0.0 0.0 0.0 0.0 0.14285714285714285 0.0 0.047619047619047616 0.0 0.0 0.0 0.0 0.0 0.0 0.0 0.0 0.023255813953488372 0.022727272727272728 0.0 0.06451612903225806 0.02702702702702703 0.013513513513513514 0.02127659574468085 0.02127659574468085 0.07547169811320754 0.0 0.07692307692307693 0.0 0.0 0.2 1.0 0.0 0.0 0.0 0.0 0.0 0.08 0.08 0.05555555555555555 0.0625 0.05555555555555555 0.05555555555555555 0.058823529411764705 0.05 0.05263157894736842 0.05263157894736842 0.05 0.05 0.0 0.0 0.0 0.0 0.0 
org.uma.jmetal.lab.operator.BLXAlphaCrossoverExample 0.05263157894736842 0.12195121951219512 0.08064516129032258 0.07246376811594203 0.07575757575757576 0.125 0.07407407407407407 0.10869565217391304 0.08 0.13953488372093023 0.12 0.14035087719298245 0.14035087719298245 0.0 0.0 0.10638297872340426 0.10714285714285714 0.11363636363636363 0.13636363636363635 0.1 0.061224489795918366 0.16216216216216217 0.08108108108108109 0.1276595744680851 0.1276595744680851 0.05309734513274336 0.09523809523809523 0.0 0.10204081632653061 0.14814814814814814 0.09523809523809523 0.0 1.0 0.5172413793103449 0.45161290322580644 0.5 0.45714285714285713 0.10344827586206896 0.10344827586206896 0.14285714285714285 0.0 0.09090909090909091 0.09090909090909091 0.0 0.08333333333333333 0.08695652173913043 0.08695652173913043 0.08333333333333333 0.08333333333333333 0.16666666666666666 0.16666666666666666 0.14285714285714285 0.13636363636363635 0.08695652173913043 
org.uma.jmetal.lab.operator.IntegerPolynomialMutationExample 0.06796116504854369 0.14285714285714285 0.1 0.09090909090909091 0.08 0.12244897959183673 0.05405405405405406 0.17307692307692307 0.05714285714285714 0.18 0.11864406779661017 0.19047619047619047 0.19047619047619047 0.0 0.0 0.10714285714285714 0.18032786885245902 0.20408163265306123 0.2 0.16923076923076924 0.11764705882352941 0.15217391304347827 0.13924050632911392 0.21153846153846154 0.21153846153846154 0.09322033898305085 0.06451612903225806 0.0 0.12280701754385964 0.1388888888888889 0.06451612903225806 0.0 0.5172413793103449 1.0 0.8333333333333334 0.8125 0.7428571428571429 0.07692307692307693 0.07692307692307693 0.0967741935483871 0.0 0.0625 0.0625 0.0 0.058823529411764705 0.06060606060606061 0.06060606060606061 0.058823529411764705 0.058823529411764705 0.10714285714285714 0.10714285714285714 0.0967741935483871 0.09375 0.06060606060606061 
org.uma.jmetal.lab.operator.IntegerSBXCrossoverExample 0.0673076923076923 0.14 0.09859154929577464 0.08974358974358974 0.07894736842105263 0.12 0.05263157894736842 0.16981132075471697 0.05555555555555555 0.15384615384615385 0.09836065573770492 0.16923076923076924 0.16923076923076924 0.0 0.0 0.10526315789473684 0.15873015873015872 0.2 0.17307692307692307 0.14925373134328357 0.10576923076923077 0.125 0.1375 0.18518518518518517 0.18518518518518517 0.08333333333333333 0.0625 0.0 0.16071428571428573 0.13513513513513514 0.0625 0.0 0.45161290322580644 0.8333333333333334 1.0 0.7878787878787878 0.8235294117647058 0.04878048780487805 0.04878048780487805 0.06060606060606061 0.0 0.06060606060606061 0.06060606060606061 0.0 0.05714285714285714 0.058823529411764705 0.058823529411764705 0.05714285714285714 0.05714285714285714 0.10344827586206896 0.10344827586206896 0.09375 0.09090909090909091 0.058823529411764705 
org.uma.jmetal.lab.operator.PolynomialMutationExample 0.06542056074766354 0.1320754716981132 0.0945945945945946 0.08641975308641975 0.0759493670886076 0.11320754716981132 0.04878048780487805 0.16071428571428573 0.05128205128205128 0.16666666666666666 0.1111111111111111 0.1791044776119403 0.1791044776119403 0.0 0.0 0.1 0.16923076923076924 0.18867924528301888 0.18518518518518517 0.15942028985507245 0.11320754716981132 0.14 0.13253012048192772 0.19642857142857142 0.19642857142857142 0.09016393442622951 0.05714285714285714 0.0 0.11475409836065574 0.125 0.05714285714285714 0.0 0.5 0.8125 0.7878787878787878 1.0 0.8571428571428571 0.06976744186046512 0.06976744186046512 0.08571428571428572 0.0 0.05555555555555555 0.05555555555555555 0.0 0.05263157894736842 0.05405405405405406 0.05405405405405406 0.05263157894736842 0.05263157894736842 0.09375 0.09375 0.08571428571428572 0.08333333333333333 0.05405405405405406 
org.uma.jmetal.lab.operator.SBXCrossoverExample 0.06363636363636363 0.125 0.09090909090909091 0.08333333333333333 0.07317073170731707 0.10714285714285714 0.045454545454545456 0.15254237288135594 0.047619047619047616 0.15789473684210525 0.10606060606060606 0.17142857142857143 0.17142857142857143 0.0 0.0 0.09523809523809523 0.16176470588235295 0.17857142857142858 0.17543859649122806 0.1527777777777778 0.11009174311926606 0.1320754716981132 0.1411764705882353 0.1864406779661017 0.1864406779661017 0.088 0.05263157894736842 0.0 0.14516129032258066 0.11627906976744186 0.05263157894736842 0.0 0.45714285714285713 0.7428571428571429 0.8235294117647058 0.8571428571428571 1.0 0.06521739130434782 0.06521739130434782 0.07894736842105263 0.0 0.05128205128205128 0.05128205128205128 0.0 0.04878048780487805 0.05 0.05 0.04878048780487805 0.04878048780487805 0.08571428571428572 0.08571428571428572 0.07894736842105263 0.07692307692307693 0.05 
org.uma.jmetal.lab.visualization.StudyVisualizer 0.020833333333333332 0.047619047619047616 0.031746031746031744 0.043478260869565216 0.045454545454545456 0.04878048780487805 0.17391304347826086 0.06521739130434782 0.47058823529411764 0.06818181818181818 0.058823529411764705 0.06779661016949153 0.06779661016949153 0.0 0.0 0.041666666666666664 0.07142857142857142 0.09302325581395349 0.11627906976744186 0.06666666666666667 0.04081632653061224 0.1388888888888889 0.0684931506849315 0.10869565217391304 0.10869565217391304 0.07339449541284404 0.10526315789473684 0.0625 0.04 0.0 0.16666666666666666 0.08 0.10344827586206896 0.07692307692307693 0.04878048780487805 0.06976744186046512 0.06521739130434782 1.0 1.0 0.375 0.25 0.4666666666666667 0.375 0.4 0.4117647058823529 0.5333333333333333 0.5333333333333333 0.4117647058823529 0.4117647058823529 0.05555555555555555 0.05555555555555555 0.1 0.09523809523809523 0.21052631578947367 
org.uma.jmetal.lab.visualization.StudyVisualizer$TYPE_OF_FRONT_TO_SHOW 0.020833333333333332 0.047619047619047616 0.031746031746031744 0.043478260869565216 0.045454545454545456 0.04878048780487805 0.17391304347826086 0.06521739130434782 0.47058823529411764 0.06818181818181818 0.058823529411764705 0.06779661016949153 0.06779661016949153 0.0 0.0 0.041666666666666664 0.07142857142857142 0.09302325581395349 0.11627906976744186 0.06666666666666667 0.04081632653061224 0.1388888888888889 0.0684931506849315 0.10869565217391304 0.10869565217391304 0.07339449541284404 0.10526315789473684 0.0625 0.04 0.0 0.16666666666666666 0.08 0.10344827586206896 0.07692307692307693 0.04878048780487805 0.06976744186046512 0.06521739130434782 1.0 1.0 0.375 0.25 0.4666666666666667 0.375 0.4 0.4117647058823529 0.5333333333333333 0.5333333333333333 0.4117647058823529 0.4117647058823529 0.05555555555555555 0.05555555555555555 0.1 0.09523809523809523 0.21052631578947367 
org.uma.jmetal.lab.visualization.html.Html 0.022727272727272728 0.058823529411764705 0.03636363636363636 0.03225806451612903 0.03389830508474576 0.06060606060606061 0.1875 0.05128205128205128 0.4166666666666667 0.08333333333333333 0.06976744186046512 0.057692307692307696 0.057692307692307696 0.0 0.0 0.05 0.061224489795918366 0.05405405405405406 0.08108108108108109 0.05660377358490566 0.03296703296703297 0.1 0.04477611940298507 0.075 0.075 0.0380952380952381 0.18181818181818182 0.125 0.047619047619047616 0.0 0.3 0.05555555555555555 0.14285714285714285 0.0967741935483871 0.06060606060606061 0.08571428571428572 0.07894736842105263 0.375 0.375 1.0 0.3333333333333333 0.5555555555555556 0.5555555555555556 0.3 0.45454545454545453 0.5 0.5 0.3333333333333333 0.3333333333333333 0.1 0.1 0.07692307692307693 0.07142857142857142 0.25 
org.uma.jmetal.lab.visualization.html.HtmlComponent 0.0 0.0 0.0 0.0 0.0 0.0 0.0625 0.0 0.25 0.0 0.0 0.0 0.0 0.0 0.0 0.0 0.0 0.0 0.0 0.0 0.0 0.0 0.0 0.0 0.0 0.0 0.0 0.16666666666666666 0.0 0.0 0.1 0.0625 0.0 0.0 0.0 0.0 0.0 0.25 0.25 0.3333333333333333 1.0 0.5 0.7142857142857143 0.5714285714285714 0.5555555555555556 0.4444444444444444 0.4444444444444444 0.2727272727272727 0.2727272727272727 0.125 0.125 0.09090909090909091 0.08333333333333333 0.08333333333333333 
org.uma.jmetal.lab.visualization.html.impl.HtmlFigure 0.022727272727272728 0.058823529411764705 0.03636363636363636 0.03225806451612903 0.03389830508474576 0.06060606060606061 0.1875 0.05128205128205128 0.5454545454545454 0.05405405405405406 0.045454545454545456 0.03773584905660377 0.03773584905660377 0.0 0.0 0.05 0.04 0.05405405405405406 0.05263157894736842 0.037037037037037035 0.021739130434782608 0.06451612903225806 0.029411764705882353 0.04878048780487805 0.04878048780487805 0.02830188679245283 0.18181818181818182 0.125 0.047619047619047616 0.0 0.3 0.05555555555555555 0.09090909090909091 0.0625 0.06060606060606061 0.05555555555555555 0.05128205128205128 0.4666666666666667 0.4666666666666667 0.5555555555555556 0.5 1.0 0.75 0.625 0.6 0.875 0.875 0.6 0.6 0.1 0.1 0.07692307692307693 0.07142857142857142 0.25 
org.uma.jmetal.lab.visualization.html.impl.HtmlGridView 0.022727272727272728 0.058823529411764705 0.03636363636363636 0.03225806451612903 0.03389830508474576 0.06060606060606061 0.1875 0.05128205128205128 0.4166666666666667 0.05405405405405406 0.045454545454545456 0.03773584905660377 0.03773584905660377 0.0 0.0 0.05 0.04 0.05405405405405406 0.05263157894736842 0.037037037037037035 0.021739130434782608 0.06451612903225806 0.029411764705882353 0.04878048780487805 0.04878048780487805 0.018691588785046728 0.18181818181818182 0.125 0.047619047619047616 0.0 0.3 0.05555555555555555 0.09090909090909091 0.0625 0.06060606060606061 0.05555555555555555 0.05128205128205128 0.375 0.375 0.5555555555555556 0.7142857142857143 0.75 1.0 0.4444444444444444 0.7777777777777778 0.6666666666666666 0.6666666666666666 0.45454545454545453 0.45454545454545453 0.1 0.1 0.07692307692307693 0.07142857142857142 0.25 
org.uma.jmetal.lab.visualization.html.impl.htmlTable.HtmlTable 0.0 0.0 0.0 0.0 0.0 0.0 0.058823529411764705 0.0 0.3333333333333333 0.0 0.0 0.0 0.0 0.0 0.0 0.0 0.0 0.0 0.0 0.0 0.0 0.0 0.0 0.0 0.0 0.009345794392523364 0.0 0.14285714285714285 0.0 0.0 0.09090909090909091 0.058823529411764705 0.0 0.0 0.0 0.0 0.0 0.4 0.4 0.3 0.5714285714285714 0.625 0.4444444444444444 1.0 0.5 0.75 0.75 0.5 0.5 0.1111111111111111 0.1111111111111111 0.08333333333333333 0.07692307692307693 0.07692307692307693 
org.uma.jmetal.lab.visualization.html.impl.htmlTable.impl.FriedmanTestTable 0.022222222222222223 0.05555555555555555 0.03508771929824561 0.03125 0.03278688524590164 0.05714285714285714 0.16666666666666666 0.04878048780487805 0.35714285714285715 0.05128205128205128 0.043478260869565216 0.03636363636363636 0.03636363636363636 0.0 0.0 0.047619047619047616 0.038461538461538464 0.05128205128205128 0.05 0.03571428571428571 0.02127659574468085 0.06060606060606061 0.02857142857142857 0.046511627906976744 0.046511627906976744 0.01834862385321101 0.15384615384615385 0.1 0.045454545454545456 0.0 0.25 0.05 0.08333333333333333 0.058823529411764705 0.05714285714285714 0.05263157894736842 0.04878048780487805 0.4117647058823529 0.4117647058823529 0.45454545454545453 0.5555555555555556 0.6 0.7777777777777778 0.5 1.0 0.7 0.7 0.6363636363636364 0.6363636363636364 0.08333333333333333 0.08333333333333333 0.06666666666666667 0.0625 0.21428571428571427 
