org.joda.money.BigMoney 1.0 0.21951219512195122 0.14285714285714285 0.1875 0.0851063829787234 0.0425531914893617 0.09523809523809523 0.5370370370370371 0.11764705882352941 0.20454545454545456 0.10416666666666667 0.11904761904761904 0.16326530612244897 0.09302325581395349 0.16 0.1694915254237288 0.1694915254237288 0.1694915254237288 0.1694915254237288 0.1694915254237288 0.1694915254237288 0.1694915254237288 0.15555555555555556 0.09523809523809523 0.11363636363636363 0.13333333333333333 
org.joda.money.BigMoneyProvider 0.21951219512195122 1.0 0.2857142857142857 0.15 0.16666666666666666 0.11764705882352941 0.3333333333333333 0.20454545454545456 0.22727272727272727 0.2777777777777778 0.15 0.21428571428571427 0.17391304347826086 0.3076923076923077 0.21739130434782608 0.18181818181818182 0.18181818181818182 0.18181818181818182 0.18181818181818182 0.18181818181818182 0.18181818181818182 0.18181818181818182 0.2222222222222222 0.3333333333333333 0.26666666666666666 0.23529411764705882 
org.joda.money.CurrencyMismatchException 0.14285714285714285 0.2857142857142857 1.0 0.15789473684210525 0.1875 0.0625 0.4 0.13333333333333333 0.3157894736842105 0.3125 0.16666666666666666 0.25 0.13636363636363635 0.25 0.13043478260869565 0.15625 0.15625 0.15625 0.15625 0.15625 0.15625 0.15625 0.17647058823529413 0.16666666666666666 0.21428571428571427 0.11764705882352941 
org.joda.money.CurrencyUnit 0.1875 0.15 0.15789473684210525 1.0 0.20512820512820512 0.07142857142857142 0.16666666666666666 0.234375 0.15217391304347827 0.13953488372093023 0.08888888888888889 0.10256410256410256 0.10416666666666667 0.13157894736842105 0.10204081632653061 0.1206896551724138 0.1206896551724138 0.1206896551724138 0.1206896551724138 0.1206896551724138 0.1206896551724138 0.1206896551724138 0.11627906976744186 0.07692307692307693 0.0975609756097561 0.06818181818181818 
org.joda.money.CurrencyUnitDataProvider 0.0851063829787234 0.16666666666666666 0.1875 0.20512820512820512 1.0 0.17647058823529413 0.3076923076923077 0.08 0.16666666666666666 0.09090909090909091 0.09090909090909091 0.125 0.16666666666666666 0.2857142857142857 0.16 0.08108108108108109 0.08108108108108109 0.08108108108108109 0.08108108108108109 0.08108108108108109 0.08108108108108109 0.08108108108108109 0.15 0.21428571428571427 0.17647058823529413 0.2222222222222222 
org.joda.money.DefaultCurrencyUnitDataProvider 0.0425531914893617 0.11764705882352941 0.0625 0.07142857142857142 0.17647058823529413 1.0 0.07142857142857142 0.04 0.04 0.1 0.1 0.14285714285714285 0.08333333333333333 0.06666666666666667 0.08 0.05555555555555555 0.05555555555555555 0.05555555555555555 0.05555555555555555 0.05555555555555555 0.05555555555555555 0.05555555555555555 0.10526315789473684 0.15384615384615385 0.125 0.1111111111111111 
org.joda.money.IllegalCurrencyException 0.09523809523809523 0.3333333333333333 0.4 0.16666666666666666 0.3076923076923077 0.07142857142857142 1.0 0.11363636363636363 0.35294117647058826 0.1875 0.11764705882352941 0.18181818181818182 0.15 0.4444444444444444 0.14285714285714285 0.09375 0.09375 0.09375 0.09375 0.09375 0.09375 0.09375 0.2 0.3333333333333333 0.25 0.21428571428571427 
org.joda.money.Money 0.5370370370370371 0.20454545454545456 0.13333333333333333 0.234375 0.08 0.04 0.11363636363636363 1.0 0.17647058823529413 0.16666666666666666 0.09803921568627451 0.1111111111111111 0.1111111111111111 0.08695652173913043 0.1509433962264151 0.16129032258064516 0.16129032258064516 0.16129032258064516 0.16129032258064516 0.16129032258064516 0.16129032258064516 0.16129032258064516 0.14583333333333334 0.08888888888888889 0.10638297872340426 0.125 
org.joda.money.MoneyUtils 0.11764705882352941 0.22727272727272727 0.3157894736842105 0.15217391304347827 0.16666666666666666 0.04 0.35294117647058826 0.17647058823529413 1.0 0.1111111111111111 0.07142857142857142 0.09090909090909091 0.13333333333333333 0.2 0.16666666666666666 0.15 0.15 0.15 0.15 0.15 0.15 0.15 0.20833333333333334 0.15 0.13043478260869565 0.21739130434782608 
org.joda.money.Ser 0.20454545454545456 0.2777777777777778 0.3125 0.13953488372093023 0.09090909090909091 0.1 0.1875 0.16666666666666666 0.1111111111111111 1.0 0.23809523809523808 0.3333333333333333 0.15384615384615385 0.17647058823529413 0.19230769230769232 0.2 0.2 0.2 0.2 0.2 0.2 0.2 0.19047619047619047 0.1875 0.2222222222222222 0.14285714285714285 
org.joda.money.format.AmountPrinterParser 0.10416666666666667 0.15 0.16666666666666666 0.08888888888888889 0.09090909090909091 0.1 0.11764705882352941 0.09803921568627451 0.07142857142857142 0.23809523809523808 1.0 0.5384615384615384 0.36363636363636365 0.17647058823529413 0.19230769230769232 0.2727272727272727 0.2727272727272727 0.2727272727272727 0.2727272727272727 0.2727272727272727 0.2727272727272727 0.2727272727272727 0.19047619047619047 0.26666666666666666 0.2222222222222222 0.2 
org.joda.money.format.LiteralPrinterParser 0.11904761904761904 0.21428571428571427 0.25 0.10256410256410256 0.125 0.14285714285714285 0.18181818181818182 0.1111111111111111 0.09090909090909091 0.3333333333333333 0.5384615384615384 1.0 0.2631578947368421 0.2727272727272727 0.25 0.2413793103448276 0.2413793103448276 0.2413793103448276 0.2413793103448276 0.2413793103448276 0.2413793103448276 0.2413793103448276 0.26666666666666666 0.4444444444444444 0.3333333333333333 0.2857142857142857 
org.joda.money.format.MoneyAmountStyle 0.16326530612244897 0.17391304347826086 0.13636363636363635 0.10416666666666667 0.16666666666666666 0.08333333333333333 0.15 0.1111111111111111 0.13333333333333333 0.15384615384615385 0.36363636363636365 0.2631578947368421 1.0 0.2 0.34615384615384615 0.2777777777777778 0.2777777777777778 0.2777777777777778 0.2777777777777778 0.2777777777777778 0.2777777777777778 0.2777777777777778 0.3181818181818182 0.2777777777777778 0.23809523809523808 0.3333333333333333 
org.joda.money.format.MoneyFormatException 0.09302325581395349 0.3076923076923077 0.25 0.13157894736842105 0.2857142857142857 0.06666666666666667 0.4444444444444444 0.08695652173913043 0.2 0.17647058823529413 0.17647058823529413 0.2727272727272727 0.2 1.0 0.3157894736842105 0.2 0.2 0.2 0.2 0.2 0.2 0.2 0.1875 0.4444444444444444 0.3333333333333333 0.38461538461538464 
org.joda.money.format.MoneyFormatter 0.16 0.21739130434782608 0.13043478260869565 0.10204081632653061 0.16 0.08 0.14285714285714285 0.1509433962264151 0.16666666666666666 0.19230769230769232 0.19230769230769232 0.25 0.34615384615384615 0.3157894736842105 1.0 0.46875 0.46875 0.46875 0.46875 0.46875 0.46875 0.46875 0.36363636363636365 0.3333333333333333 0.2857142857142857 0.5263157894736842 
org.joda.money.format.MoneyFormatterBuilder 0.1694915254237288 0.18181818181818182 0.15625 0.1206896551724138 0.08108108108108109 0.05555555555555555 0.09375 0.16129032258064516 0.15 0.2 0.2727272727272727 0.2413793103448276 0.2777777777777778 0.2 0.46875 1.0 1.0 1.0 1.0 1.0 1.0 1.0 0.3225806451612903 0.20689655172413793 0.1875 0.2903225806451613 
org.joda.money.format.MoneyFormatterBuilder$1 0.1694915254237288 0.18181818181818182 0.15625 0.1206896551724138 0.08108108108108109 0.05555555555555555 0.09375 0.16129032258064516 0.15 0.2 0.2727272727272727 0.2413793103448276 0.2777777777777778 0.2 0.46875 1.0 1.0 1.0 1.0 1.0 1.0 1.0 0.3225806451612903 0.20689655172413793 0.1875 0.2903225806451613 
org.joda.money.format.MoneyFormatterBuilder$SingletonPrinters 0.1694915254237288 0.18181818181818182 0.15625 0.1206896551724138 0.08108108108108109 0.05555555555555555 0.09375 0.16129032258064516 0.15 0.2 0.2727272727272727 0.2413793103448276 0.2777777777777778 0.2 0.46875 1.0 1.0 1.0 1.0 1.0 1.0 1.0 0.3225806451612903 0.20689655172413793 0.1875 0.2903225806451613 
org.joda.money.format.MoneyFormatterBuilder$Singletons 0.1694915254237288 0.18181818181818182 0.15625 0.1206896551724138 0.08108108108108109 0.05555555555555555 0.09375 0.16129032258064516 0.15 0.2 0.2727272727272727 0.2413793103448276 0.2777777777777778 0.2 0.46875 1.0 1.0 1.0 1.0 1.0 1.0 1.0 0.3225806451612903 0.20689655172413793 0.1875 0.2903225806451613 
org.joda.money.format.MoneyFormatterBuilder$Singletons$1 0.1694915254237288 0.18181818181818182 0.15625 0.1206896551724138 0.08108108108108109 0.05555555555555555 0.09375 0.16129032258064516 0.15 0.2 0.2727272727272727 0.2413793103448276 0.2777777777777778 0.2 0.46875 1.0 1.0 1.0 1.0 1.0 1.0 1.0 0.3225806451612903 0.20689655172413793 0.1875 0.2903225806451613 
org.joda.money.format.MoneyFormatterBuilder$Singletons$2 0.1694915254237288 0.18181818181818182 0.15625 0.1206896551724138 0.08108108108108109 0.05555555555555555 0.09375 0.16129032258064516 0.15 0.2 0.2727272727272727 0.2413793103448276 0.2777777777777778 0.2 0.46875 1.0 1.0 1.0 1.0 1.0 1.0 1.0 0.3225806451612903 0.20689655172413793 0.1875 0.2903225806451613 
org.joda.money.format.MoneyFormatterBuilder$Singletons$3 0.1694915254237288 0.18181818181818182 0.15625 0.1206896551724138 0.08108108108108109 0.05555555555555555 0.09375 0.16129032258064516 0.15 0.2 0.2727272727272727 0.2413793103448276 0.2777777777777778 0.2 0.46875 1.0 1.0 1.0 1.0 1.0 1.0 1.0 0.3225806451612903 0.20689655172413793 0.1875 0.2903225806451613 
org.joda.money.format.MoneyParseContext 0.15555555555555556 0.2222222222222222 0.17647058823529413 0.11627906976744186 0.15 0.10526315789473684 0.2 0.14583333333333334 0.20833333333333334 0.19047619047619047 0.19047619047619047 0.26666666666666666 0.3181818181818182 0.1875 0.36363636363636365 0.3225806451612903 0.3225806451612903 0.3225806451612903 0.3225806451612903 0.3225806451612903 0.3225806451612903 0.3225806451612903 1.0 0.38461538461538464 0.4 0.35294117647058826 
org.joda.money.format.MoneyParser 0.09523809523809523 0.3333333333333333 0.16666666666666666 0.07692307692307693 0.21428571428571427 0.15384615384615385 0.3333333333333333 0.08888888888888889 0.15 0.1875 0.26666666666666666 0.4444444444444444 0.2777777777777778 0.4444444444444444 0.3333333333333333 0.20689655172413793 0.20689655172413793 0.20689655172413793 0.20689655172413793 0.20689655172413793 0.20689655172413793 0.20689655172413793 0.38461538461538464 1.0 0.36363636363636365 0.4166666666666667 
org.joda.money.format.MoneyPrintContext 0.11363636363636363 0.26666666666666666 0.21428571428571427 0.0975609756097561 0.17647058823529413 0.125 0.25 0.10638297872340426 0.13043478260869565 0.2222222222222222 0.2222222222222222 0.3333333333333333 0.23809523809523808 0.3333333333333333 0.2857142857142857 0.1875 0.1875 0.1875 0.1875 0.1875 0.1875 0.1875 0.4 0.36363636363636365 1.0 0.42857142857142855 
org.joda.money.format.MoneyPrinter 0.13333333333333333 0.23529411764705882 0.11764705882352941 0.06818181818181818 0.2222222222222222 0.1111111111111111 0.21428571428571427 0.125 0.21739130434782608 0.14285714285714285 0.2 0.2857142857142857 0.3333333333333333 0.38461538461538464 0.5263157894736842 0.2903225806451613 0.2903225806451613 0.2903225806451613 0.2903225806451613 0.2903225806451613 0.2903225806451613 0.2903225806451613 0.35294117647058826 0.4166666666666667 0.42857142857142855 1.0 
