org.joda.money.BigMoney 1.0 0.22641509433962265 0.12962962962962962 0.18604651162790697 0.08196721311475409 0.04411764705882353 0.1111111111111111 0.5538461538461539 0.12903225806451613 0.19642857142857142 0.11475409836065574 0.018867924528301886 0.1111111111111111 0.1323529411764706 0.09090909090909091 0.15625 0.16216216216216217 0.16216216216216217 0.16216216216216217 0.16216216216216217 0.16216216216216217 0.16216216216216217 0.16071428571428573 0.09259259259259259 0.10526315789473684 0.14285714285714285 0.018867924528301886 0.018867924528301886 
org.joda.money.BigMoneyProvider 0.22641509433962265 1.0 0.29411764705882354 0.125 0.17391304347826086 0.10344827586206896 0.4 0.24 0.34782608695652173 0.2727272727272727 0.16 0.07142857142857142 0.23529411764705882 0.1875 0.3125 0.2962962962962963 0.23684210526315788 0.23684210526315788 0.23684210526315788 0.23684210526315788 0.23684210526315788 0.23684210526315788 0.3684210526315789 0.3333333333333333 0.2631578947368421 0.3888888888888889 0.07142857142857142 0.07142857142857142 
org.joda.money.CurrencyMismatchException 0.12962962962962962 0.29411764705882354 1.0 0.1346153846153846 0.21052631578947367 0.07692307692307693 0.5454545454545454 0.13725490196078433 0.35 0.3333333333333333 0.19047619047619047 0.1 0.3076923076923077 0.13333333333333333 0.3076923076923077 0.14814814814814814 0.16216216216216217 0.16216216216216217 0.16216216216216217 0.16216216216216217 0.16216216216216217 0.16216216216216217 0.2222222222222222 0.23076923076923078 0.25 0.16666666666666666 0.1 0.1 
org.joda.money.CurrencyUnit 0.18604651162790697 0.125 0.1346153846153846 1.0 0.18518518518518517 0.1694915254237288 0.16 0.2375 0.13333333333333333 0.14035087719298245 0.1 0.0196078431372549 0.09433962264150944 0.15384615384615385 0.11538461538461539 0.1076923076923077 0.16666666666666666 0.16666666666666666 0.16666666666666666 0.16666666666666666 0.16666666666666666 0.16666666666666666 0.10526315789473684 0.07547169811320754 0.08928571428571429 0.06896551724137931 0.0196078431372549 0.0196078431372549 
org.joda.money.CurrencyUnitDataProvider 0.08196721311475409 0.17391304347826086 0.21052631578947367 0.18518518518518517 1.0 0.2222222222222222 0.29411764705882354 0.08620689655172414 0.18518518518518517 0.11538461538461539 0.1111111111111111 0.06666666666666667 0.15789473684210525 0.14705882352941177 0.29411764705882354 0.16129032258064516 0.09090909090909091 0.09090909090909091 0.09090909090909091 0.09090909090909091 0.09090909090909091 0.09090909090909091 0.17391304347826086 0.23529411764705882 0.19047619047619047 0.23809523809523808 0.06666666666666667 0.06666666666666667 
org.joda.money.DefaultCurrencyUnitDataProvider 0.04411764705882353 0.10344827586206896 0.07692307692307693 0.1694915254237288 0.2222222222222222 1.0 0.08 0.046153846153846156 0.05714285714285714 0.0967741935483871 0.12903225806451613 0.05 0.125 0.1891891891891892 0.08 0.10810810810810811 0.15217391304347827 0.15217391304347827 0.15217391304347827 0.15217391304347827 0.15217391304347827 0.15217391304347827 0.10344827586206896 0.13043478260869565 0.1111111111111111 0.10714285714285714 0.05 0.05 
org.joda.money.IllegalCurrencyException 0.1111111111111111 0.4 0.5454545454545454 0.16 0.29411764705882354 0.08 1.0 0.14 0.4444444444444444 0.21052631578947367 0.14285714285714285 0.1111111111111111 0.23076923076923078 0.13793103448275862 0.45454545454545453 0.15384615384615385 0.13513513513513514 0.13513513513513514 0.13513513513513514 0.13513513513513514 0.13513513513513514 0.13513513513513514 0.23529411764705882 0.36363636363636365 0.26666666666666666 0.25 0.1111111111111111 0.1111111111111111 
org.joda.money.Money 0.5538461538461539 0.24 0.13725490196078433 0.2375 0.08620689655172414 0.046153846153846156 0.14 1.0 0.17543859649122806 0.18518518518518517 0.1206896551724138 0.02 0.11764705882352941 0.1044776119402985 0.09615384615384616 0.14516129032258066 0.1527777777777778 0.1527777777777778 0.1527777777777778 0.1527777777777778 0.1527777777777778 0.1527777777777778 0.14814814814814814 0.09803921568627451 0.1111111111111111 0.12962962962962962 0.02 0.02 
org.joda.money.MoneyUtils 0.12903225806451613 0.34782608695652173 0.35 0.13333333333333333 0.18518518518518517 0.05714285714285714 0.4444444444444444 0.17543859649122806 1.0 0.13793103448275862 0.0967741935483871 0.05263157894736842 0.13043478260869565 0.13157894736842105 0.23809523809523808 0.17647058823529413 0.15555555555555556 0.15555555555555556 0.15555555555555556 0.15555555555555556 0.15555555555555556 0.15555555555555556 0.24 0.19047619047619047 0.16 0.25 0.05263157894736842 0.05263157894736842 
org.joda.money.Ser 0.19642857142857142 0.2727272727272727 0.3333333333333333 0.14035087719298245 0.11538461538461539 0.0967741935483871 0.21052631578947367 0.18518518518518517 0.13793103448275862 1.0 0.24 0.0625 0.35294117647058826 0.14285714285714285 0.21052631578947367 0.1935483870967742 0.1951219512195122 0.1951219512195122 0.1951219512195122 0.1951219512195122 0.1951219512195122 0.1951219512195122 0.21739130434782608 0.2222222222222222 0.23809523809523808 0.17391304347826086 0.0625 0.0625 
org.joda.money.format.AmountPrinterParser 0.11475409836065574 0.16 0.19047619047619047 0.1 0.1111111111111111 0.12903225806451613 0.14285714285714285 0.1206896551724138 0.0967741935483871 0.24 1.0 0.125 0.5 0.3225806451612903 0.2 0.22580645161290322 0.28205128205128205 0.28205128205128205 0.28205128205128205 0.28205128205128205 0.28205128205128205 0.28205128205128205 0.20833333333333334 0.2777777777777778 0.22727272727272727 0.21739130434782608 0.058823529411764705 0.058823529411764705 
org.joda.money.format.GroupingStyle 0.018867924528301886 0.07142857142857142 0.1 0.0196078431372549 0.06666666666666667 0.05 0.1111111111111111 0.02 0.05263157894736842 0.0625 0.125 1.0 0.1111111111111111 0.08 0.1111111111111111 0.043478260869565216 0.02857142857142857 0.02857142857142857 0.02857142857142857 0.02857142857142857 0.02857142857142857 0.02857142857142857 0.07142857142857142 0.125 0.08333333333333333 0.07692307692307693 0.0 0.0 
org.joda.money.format.LiteralPrinterParser 0.1111111111111111 0.23529411764705882 0.3076923076923077 0.09433962264150944 0.15789473684210525 0.125 0.23076923076923078 0.11764705882352941 0.13043478260869565 0.35294117647058826 0.5 0.1111111111111111 1.0 0.2222222222222222 0.3333333333333333 0.25 0.23529411764705882 0.23529411764705882 0.23529411764705882 0.23529411764705882 0.23529411764705882 0.23529411764705882 0.3125 0.5 0.35714285714285715 0.3333333333333333 0.1111111111111111 0.1111111111111111 
org.joda.money.format.MoneyAmountStyle 0.1323529411764706 0.1875 0.13333333333333333 0.15384615384615385 0.14705882352941177 0.1891891891891892 0.13793103448275862 0.1044776119402985 0.13157894736842105 0.14285714285714285 0.3225806451612903 0.08 0.2222222222222222 1.0 0.17857142857142858 0.3055555555555556 0.3409090909090909 0.3409090909090909 0.3409090909090909 0.3409090909090909 0.3409090909090909 0.3409090909090909 0.26666666666666666 0.23076923076923078 0.2 0.27586206896551724 0.038461538461538464 0.038461538461538464 
org.joda.money.format.MoneyFormatException 0.09090909090909091 0.3125 0.3076923076923077 0.11538461538461539 0.29411764705882354 0.08 0.45454545454545453 0.09615384615384616 0.23809523809523808 0.21052631578947367 0.2 0.1111111111111111 0.3333333333333333 0.17857142857142858 1.0 0.30434782608695654 0.2 0.2 0.2 0.2 0.2 0.2 0.23529411764705882 0.5 0.35714285714285715 0.42857142857142855 0.1111111111111111 0.1111111111111111 
org.joda.money.format.MoneyFormatter 0.15625 0.2962962962962963 0.14814814814814814 0.1076923076923077 0.16129032258064516 0.10810810810810811 0.15384615384615385 0.14516129032258066 0.17647058823529413 0.1935483870967742 0.22580645161290322 0.043478260869565216 0.25 0.3055555555555556 0.30434782608695654 1.0 0.4358974358974359 0.4358974358974359 0.4358974358974359 0.4358974358974359 0.4358974358974359 0.4358974358974359 0.34615384615384615 0.3181818181818182 0.2692307692307692 0.4782608695652174 0.09090909090909091 0.043478260869565216 
org.joda.money.format.MoneyFormatterBuilder 0.16216216216216217 0.23684210526315788 0.16216216216216217 0.16666666666666666 0.09090909090909091 0.15217391304347827 0.13513513513513514 0.1527777777777778 0.15555555555555556 0.1951219512195122 0.28205128205128205 0.02857142857142857 0.23529411764705882 0.3409090909090909 0.2 0.4358974358974359 1.0 1.0 1.0 1.0 1.0 1.0 0.3055555555555556 0.20588235294117646 0.18421052631578946 0.2777777777777778 0.058823529411764705 0.058823529411764705 
org.joda.money.format.MoneyFormatterBuilder$SingletonPrinters 0.16216216216216217 0.23684210526315788 0.16216216216216217 0.16666666666666666 0.09090909090909091 0.15217391304347827 0.13513513513513514 0.1527777777777778 0.15555555555555556 0.1951219512195122 0.28205128205128205 0.02857142857142857 0.23529411764705882 0.3409090909090909 0.2 0.4358974358974359 1.0 1.0 1.0 1.0 1.0 1.0 0.3055555555555556 0.20588235294117646 0.18421052631578946 0.2777777777777778 0.058823529411764705 0.058823529411764705 
org.joda.money.format.MoneyFormatterBuilder$Singletons 0.16216216216216217 0.23684210526315788 0.16216216216216217 0.16666666666666666 0.09090909090909091 0.15217391304347827 0.13513513513513514 0.1527777777777778 0.15555555555555556 0.1951219512195122 0.28205128205128205 0.02857142857142857 0.23529411764705882 0.3409090909090909 0.2 0.4358974358974359 1.0 1.0 1.0 1.0 1.0 1.0 0.3055555555555556 0.20588235294117646 0.18421052631578946 0.2777777777777778 0.058823529411764705 0.058823529411764705 
org.joda.money.format.MoneyFormatterBuilder$Singletons$1 0.16216216216216217 0.23684210526315788 0.16216216216216217 0.16666666666666666 0.09090909090909091 0.15217391304347827 0.13513513513513514 0.1527777777777778 0.15555555555555556 0.1951219512195122 0.28205128205128205 0.02857142857142857 0.23529411764705882 0.3409090909090909 0.2 0.4358974358974359 1.0 1.0 1.0 1.0 1.0 1.0 0.3055555555555556 0.20588235294117646 0.18421052631578946 0.2777777777777778 0.058823529411764705 0.058823529411764705 
org.joda.money.format.MoneyFormatterBuilder$Singletons$2 0.16216216216216217 0.23684210526315788 0.16216216216216217 0.16666666666666666 0.09090909090909091 0.15217391304347827 0.13513513513513514 0.1527777777777778 0.15555555555555556 0.1951219512195122 0.28205128205128205 0.02857142857142857 0.23529411764705882 0.3409090909090909 0.2 0.4358974358974359 1.0 1.0 1.0 1.0 1.0 1.0 0.3055555555555556 0.20588235294117646 0.18421052631578946 0.2777777777777778 0.058823529411764705 0.058823529411764705 
org.joda.money.format.MoneyFormatterBuilder$Singletons$3 0.16216216216216217 0.23684210526315788 0.16216216216216217 0.16666666666666666 0.09090909090909091 0.15217391304347827 0.13513513513513514 0.1527777777777778 0.15555555555555556 0.1951219512195122 0.28205128205128205 0.02857142857142857 0.23529411764705882 0.3409090909090909 0.2 0.4358974358974359 1.0 1.0 1.0 1.0 1.0 1.0 0.3055555555555556 0.20588235294117646 0.18421052631578946 0.2777777777777778 0.058823529411764705 0.058823529411764705 
org.joda.money.format.MoneyParseContext 0.16071428571428573 0.3684210526315789 0.2222222222222222 0.10526315789473684 0.17391304347826086 0.10344827586206896 0.23529411764705882 0.14814814814814814 0.24 0.21739130434782608 0.20833333333333334 0.07142857142857142 0.3125 0.26666666666666666 0.23529411764705882 0.34615384615384615 0.3055555555555556 0.3055555555555556 0.3055555555555556 0.3055555555555556 0.3055555555555556 0.3055555555555556 1.0 0.42857142857142855 0.4117647058823529 0.3888888888888889 0.07142857142857142 0.15384615384615385 
org.joda.money.format.MoneyParser 0.09259259259259259 0.3333333333333333 0.23076923076923078 0.07547169811320754 0.23529411764705882 0.13043478260869565 0.36363636363636365 0.09803921568627451 0.19047619047619047 0.2222222222222222 0.2777777777777778 0.125 0.5 0.23076923076923078 0.5 0.3181818181818182 0.20588235294117646 0.20588235294117646 0.20588235294117646 0.20588235294117646 0.20588235294117646 0.20588235294117646 0.42857142857142855 1.0 0.38461538461538464 0.46153846153846156 0.125 0.125 
org.joda.money.format.MoneyPrintContext 0.10526315789473684 0.2631578947368421 0.25 0.08928571428571429 0.19047619047619047 0.1111111111111111 0.26666666666666666 0.1111111111111111 0.16 0.23809523809523808 0.22727272727272727 0.08333333333333333 0.35714285714285715 0.2 0.35714285714285715 0.2692307692307692 0.18421052631578946 0.18421052631578946 0.18421052631578946 0.18421052631578946 0.18421052631578946 0.18421052631578946 0.4117647058823529 0.38461538461538464 1.0 0.4375 0.08333333333333333 0.08333333333333333 
org.joda.money.format.MoneyPrinter 0.14285714285714285 0.3888888888888889 0.16666666666666666 0.06896551724137931 0.23809523809523808 0.10714285714285714 0.25 0.12962962962962962 0.25 0.17391304347826086 0.21739130434782608 0.07692307692307693 0.3333333333333333 0.27586206896551724 0.42857142857142855 0.4782608695652174 0.2777777777777778 0.2777777777777778 0.2777777777777778 0.2777777777777778 0.2777777777777778 0.2777777777777778 0.3888888888888889 0.46153846153846156 0.4375 1.0 0.07692307692307693 0.07692307692307693 
org.joda.money.format.MultiPrinterParser 0.018867924528301886 0.07142857142857142 0.1 0.0196078431372549 0.06666666666666667 0.05 0.1111111111111111 0.02 0.05263157894736842 0.0625 0.058823529411764705 0.0 0.1111111111111111 0.038461538461538464 0.1111111111111111 0.09090909090909091 0.058823529411764705 0.058823529411764705 0.058823529411764705 0.058823529411764705 0.058823529411764705 0.058823529411764705 0.07142857142857142 0.125 0.08333333333333333 0.07692307692307693 1.0 0.3333333333333333 
org.joda.money.format.SignedPrinterParser 0.018867924528301886 0.07142857142857142 0.1 0.0196078431372549 0.06666666666666667 0.05 0.1111111111111111 0.02 0.05263157894736842 0.0625 0.058823529411764705 0.0 0.1111111111111111 0.038461538461538464 0.1111111111111111 0.043478260869565216 0.058823529411764705 0.058823529411764705 0.058823529411764705 0.058823529411764705 0.058823529411764705 0.058823529411764705 0.15384615384615385 0.125 0.08333333333333333 0.07692307692307693 0.3333333333333333 1.0 
