org.apache.lucene.analysis.ko.DecompoundToken 1.0 1.0 0.2857142857142857 0.1 0.1 0.125 0.2222222222222222 0.2 0.5 0.2222222222222222 0.2222222222222222 0.2222222222222222 0.15384615384615385 0.4 0.4 0.4 0.029197080291970802 0.0 0.0 0.16666666666666666 0.16666666666666666 0.16666666666666666 0.11538461538461539 0.11538461538461539 0.21428571428571427 0.17647058823529413 0.16666666666666666 0.6 0.6 0.10714285714285714 0.10714285714285714 0.046511627906976744 0.25 0.21428571428571427 0.1111111111111111 0.07407407407407407 0.15 0.15 0.1 0.21428571428571427 0.25 0.06818181818181818 0.16666666666666666 0.3333333333333333 0.16666666666666666 0.2222222222222222 0.13333333333333333 
org.apache.lucene.analysis.ko.DictionaryToken 1.0 1.0 0.2857142857142857 0.1 0.1 0.125 0.2222222222222222 0.2 0.5 0.2222222222222222 0.2222222222222222 0.2222222222222222 0.15384615384615385 0.4 0.4 0.4 0.029197080291970802 0.0 0.0 0.16666666666666666 0.16666666666666666 0.16666666666666666 0.11538461538461539 0.11538461538461539 0.21428571428571427 0.17647058823529413 0.16666666666666666 0.6 0.6 0.10714285714285714 0.10714285714285714 0.046511627906976744 0.25 0.21428571428571427 0.1111111111111111 0.07407407407407407 0.15 0.15 0.1 0.21428571428571427 0.25 0.06818181818181818 0.16666666666666666 0.3333333333333333 0.16666666666666666 0.2222222222222222 0.13333333333333333 
org.apache.lucene.analysis.ko.KoreanAnalyzer 0.2857142857142857 0.2857142857142857 1.0 0.2 0.2 0.1111111111111111 0.3333333333333333 0.3 0.4 0.3333333333333333 0.21052631578947367 0.21052631578947367 0.3333333333333333 0.3333333333333333 0.3333333333333333 0.3333333333333333 0.014285714285714285 0.0 0.0 0.2222222222222222 0.2222222222222222 0.2222222222222222 0.1111111111111111 0.1111111111111111 0.125 0.10526315789473684 0.0 0.2857142857142857 0.2857142857142857 0.06666666666666667 0.06666666666666667 0.06976744186046512 0.23076923076923078 0.125 0.16666666666666666 0.034482758620689655 0.09090909090909091 0.09090909090909091 0.15 0.125 0.0 0.06666666666666667 0.0 0.18181818181818182 0.1 0.2 0.125 
org.apache.lucene.analysis.ko.KoreanNumberFilter 0.1 0.1 0.2 1.0 1.0 0.2 0.16666666666666666 0.07142857142857142 0.125 0.07692307692307693 0.13636363636363635 0.13636363636363635 0.058823529411764705 0.1111111111111111 0.1111111111111111 0.1111111111111111 0.006993006993006993 0.0 0.0 0.09090909090909091 0.09090909090909091 0.09090909090909091 0.06666666666666667 0.06666666666666667 0.05263157894736842 0.045454545454545456 0.0 0.1 0.1 0.030303030303030304 0.030303030303030304 0.043478260869565216 0.125 0.05263157894736842 0.09523809523809523 0.03225806451612903 0.04 0.04 0.041666666666666664 0.05263157894736842 0.0 0.041666666666666664 0.0 0.07142857142857142 0.043478260869565216 0.07692307692307693 0.05263157894736842 
org.apache.lucene.analysis.ko.KoreanNumberFilter$NumberBuffer 0.1 0.1 0.2 1.0 1.0 0.2 0.16666666666666666 0.07142857142857142 0.125 0.07692307692307693 0.13636363636363635 0.13636363636363635 0.058823529411764705 0.1111111111111111 0.1111111111111111 0.1111111111111111 0.006993006993006993 0.0 0.0 0.09090909090909091 0.09090909090909091 0.09090909090909091 0.06666666666666667 0.06666666666666667 0.05263157894736842 0.045454545454545456 0.0 0.1 0.1 0.030303030303030304 0.030303030303030304 0.043478260869565216 0.125 0.05263157894736842 0.09523809523809523 0.03225806451612903 0.04 0.04 0.041666666666666664 0.05263157894736842 0.0 0.041666666666666664 0.0 0.07142857142857142 0.043478260869565216 0.07692307692307693 0.05263157894736842 
org.apache.lucene.analysis.ko.KoreanNumberFilterFactory 0.125 0.125 0.1111111111111111 0.2 0.2 1.0 0.09090909090909091 0.3 0.16666666666666666 0.3333333333333333 0.045454545454545456 0.045454545454545456 0.23076923076923078 0.14285714285714285 0.14285714285714285 0.14285714285714285 0.0070921985815602835 0.0 0.0 0.047619047619047616 0.047619047619047616 0.047619047619047616 0.034482758620689655 0.034482758620689655 0.058823529411764705 0.05 0.0 0.125 0.125 0.03225806451612903 0.03225806451612903 0.022222222222222223 0.06666666666666667 0.058823529411764705 0.05 0.034482758620689655 0.043478260869565216 0.043478260869565216 0.045454545454545456 0.058823529411764705 0.0 0.02127659574468085 0.0 0.08333333333333333 0.047619047619047616 0.09090909090909091 0.058823529411764705 
org.apache.lucene.analysis.ko.KoreanPartOfSpeechStopFilter 0.2222222222222222 0.2222222222222222 0.3333333333333333 0.16666666666666666 0.16666666666666666 0.09090909090909091 1.0 0.15384615384615385 0.2857142857142857 0.16666666666666666 0.13636363636363635 0.13636363636363635 0.125 0.42857142857142855 0.42857142857142855 0.42857142857142855 0.014084507042253521 0.07142857142857142 0.07142857142857142 0.14285714285714285 0.14285714285714285 0.14285714285714285 0.10344827586206896 0.10344827586206896 0.1111111111111111 0.09523809523809523 0.0 0.2222222222222222 0.2222222222222222 0.0625 0.0625 0.06666666666666667 0.2 0.1111111111111111 0.15 0.03225806451612903 0.08333333333333333 0.08333333333333333 0.08695652173913043 0.1111111111111111 0.0 0.06382978723404255 0.0 0.15384615384615385 0.09090909090909091 0.16666666666666666 0.1111111111111111 
org.apache.lucene.analysis.ko.KoreanPartOfSpeechStopFilterFactory 0.2 0.2 0.3 0.07142857142857142 0.07142857142857142 0.3 0.15384615384615385 1.0 0.25 0.875 0.08333333333333333 0.08333333333333333 0.7272727272727273 0.2222222222222222 0.2222222222222222 0.2222222222222222 0.013986013986013986 0.0 0.0 0.08695652173913043 0.08695652173913043 0.08695652173913043 0.06451612903225806 0.06451612903225806 0.10526315789473684 0.09090909090909091 0.0 0.2 0.2 0.06060606060606061 0.06060606060606061 0.0425531914893617 0.11764705882352941 0.10526315789473684 0.09090909090909091 0.03125 0.08 0.08 0.08333333333333333 0.10526315789473684 0.0 0.04081632653061224 0.0 0.14285714285714285 0.08695652173913043 0.15384615384615385 0.10526315789473684 
org.apache.lucene.analysis.ko.KoreanReadingFormFilter 0.5 0.5 0.4 0.125 0.125 0.16666666666666666 0.2857142857142857 0.25 1.0 0.2857142857142857 0.1111111111111111 0.1111111111111111 0.18181818181818182 0.6666666666666666 0.6666666666666666 0.6666666666666666 0.014598540145985401 0.0 0.0 0.11764705882352941 0.11764705882352941 0.11764705882352941 0.08 0.08 0.15384615384615385 0.125 0.0 0.5 0.5 0.07407407407407407 0.07407407407407407 0.04878048780487805 0.18181818181818182 0.15384615384615385 0.125 0.038461538461538464 0.10526315789473684 0.10526315789473684 0.1111111111111111 0.15384615384615385 0.0 0.046511627906976744 0.0 0.25 0.11764705882352941 0.2857142857142857 0.15384615384615385 
org.apache.lucene.analysis.ko.KoreanReadingFormFilterFactory 0.2222222222222222 0.2222222222222222 0.3333333333333333 0.07692307692307693 0.07692307692307693 0.3333333333333333 0.16666666666666666 0.875 0.2857142857142857 1.0 0.08695652173913043 0.08695652173913043 0.6363636363636364 0.25 0.25 0.25 0.014084507042253521 0.0 0.0 0.09090909090909091 0.09090909090909091 0.09090909090909091 0.06666666666666667 0.06666666666666667 0.1111111111111111 0.09523809523809523 0.0 0.2222222222222222 0.2222222222222222 0.0625 0.0625 0.043478260869565216 0.125 0.1111111111111111 0.09523809523809523 0.03225806451612903 0.08333333333333333 0.08333333333333333 0.08695652173913043 0.1111111111111111 0.0 0.041666666666666664 0.0 0.15384615384615385 0.09090909090909091 0.16666666666666666 0.1111111111111111 
org.apache.lucene.analysis.ko.KoreanTokenizer 0.2222222222222222 0.2222222222222222 0.21052631578947367 0.13636363636363635 0.13636363636363635 0.045454545454545456 0.13636363636363635 0.08333333333333333 0.1111111111111111 0.08695652173913043 1.0 1.0 0.11538461538461539 0.10526315789473684 0.10526315789473684 0.10526315789473684 0.026490066225165563 0.04 0.04 0.16666666666666666 0.16666666666666666 0.16666666666666666 0.13157894736842105 0.13157894736842105 0.14814814814814814 0.13333333333333333 0.10526315789473684 0.15789473684210525 0.15789473684210525 0.0975609756097561 0.0975609756097561 0.09259259259259259 0.2608695652173913 0.14814814814814814 0.0967741935483871 0.075 0.12121212121212122 0.12121212121212122 0.125 0.14814814814814814 0.05555555555555555 0.10909090909090909 0.10526315789473684 0.13043478260869565 0.12903225806451613 0.08695652173913043 0.10714285714285714 
org.apache.lucene.analysis.ko.KoreanTokenizer$DecompoundMode 0.2222222222222222 0.2222222222222222 0.21052631578947367 0.13636363636363635 0.13636363636363635 0.045454545454545456 0.13636363636363635 0.08333333333333333 0.1111111111111111 0.08695652173913043 1.0 1.0 0.11538461538461539 0.10526315789473684 0.10526315789473684 0.10526315789473684 0.026490066225165563 0.04 0.04 0.16666666666666666 0.16666666666666666 0.16666666666666666 0.13157894736842105 0.13157894736842105 0.14814814814814814 0.13333333333333333 0.10526315789473684 0.15789473684210525 0.15789473684210525 0.0975609756097561 0.0975609756097561 0.09259259259259259 0.2608695652173913 0.14814814814814814 0.0967741935483871 0.075 0.12121212121212122 0.12121212121212122 0.125 0.14814814814814814 0.05555555555555555 0.10909090909090909 0.10526315789473684 0.13043478260869565 0.12903225806451613 0.08695652173913043 0.10714285714285714 
org.apache.lucene.analysis.ko.KoreanTokenizerFactory 0.15384615384615385 0.15384615384615385 0.3333333333333333 0.058823529411764705 0.058823529411764705 0.23076923076923078 0.125 0.7272727272727273 0.18181818181818182 0.6363636363636364 0.11538461538461539 0.11538461538461539 1.0 0.16666666666666666 0.16666666666666666 0.16666666666666666 0.0136986301369863 0.0 0.0 0.12 0.12 0.12 0.058823529411764705 0.058823529411764705 0.09090909090909091 0.08 0.0 0.15384615384615385 0.15384615384615385 0.05555555555555555 0.05555555555555555 0.04 0.1 0.09090909090909091 0.08 0.02857142857142857 0.07142857142857142 0.07142857142857142 0.11538461538461539 0.09090909090909091 0.0 0.038461538461538464 0.0 0.11764705882352941 0.07692307692307693 0.125 0.09090909090909091 
org.apache.lucene.analysis.ko.POS 0.4 0.4 0.3333333333333333 0.1111111111111111 0.1111111111111111 0.14285714285714285 0.42857142857142855 0.2222222222222222 0.6666666666666666 0.25 0.10526315789473684 0.10526315789473684 0.16666666666666666 1.0 1.0 1.0 0.014492753623188406 0.1 0.1 0.1111111111111111 0.1111111111111111 0.1111111111111111 0.07692307692307693 0.07692307692307693 0.14285714285714285 0.11764705882352941 0.0 0.4 0.4 0.07142857142857142 0.07142857142857142 0.047619047619047616 0.16666666666666666 0.14285714285714285 0.11764705882352941 0.037037037037037035 0.1 0.1 0.10526315789473684 0.14285714285714285 0.0 0.045454545454545456 0.0 0.2222222222222222 0.1111111111111111 0.25 0.14285714285714285 
org.apache.lucene.analysis.ko.POS$Tag 0.4 0.4 0.3333333333333333 0.1111111111111111 0.1111111111111111 0.14285714285714285 0.42857142857142855 0.2222222222222222 0.6666666666666666 0.25 0.10526315789473684 0.10526315789473684 0.16666666666666666 1.0 1.0 1.0 0.014492753623188406 0.1 0.1 0.1111111111111111 0.1111111111111111 0.1111111111111111 0.07692307692307693 0.07692307692307693 0.14285714285714285 0.11764705882352941 0.0 0.4 0.4 0.07142857142857142 0.07142857142857142 0.047619047619047616 0.16666666666666666 0.14285714285714285 0.11764705882352941 0.037037037037037035 0.1 0.1 0.10526315789473684 0.14285714285714285 0.0 0.045454545454545456 0.0 0.2222222222222222 0.1111111111111111 0.25 0.14285714285714285 
org.apache.lucene.analysis.ko.POS$Type 0.4 0.4 0.3333333333333333 0.1111111111111111 0.1111111111111111 0.14285714285714285 0.42857142857142855 0.2222222222222222 0.6666666666666666 0.25 0.10526315789473684 0.10526315789473684 0.16666666666666666 1.0 1.0 1.0 0.014492753623188406 0.1 0.1 0.1111111111111111 0.1111111111111111 0.1111111111111111 0.07692307692307693 0.07692307692307693 0.14285714285714285 0.11764705882352941 0.0 0.4 0.4 0.07142857142857142 0.07142857142857142 0.047619047619047616 0.16666666666666666 0.14285714285714285 0.11764705882352941 0.037037037037037035 0.1 0.1 0.10526315789473684 0.14285714285714285 0.0 0.045454545454545456 0.0 0.2222222222222222 0.1111111111111111 0.25 0.14285714285714285 
org.apache.lucene.analysis.ko.Token 0.029197080291970802 0.029197080291970802 0.014285714285714285 0.006993006993006993 0.006993006993006993 0.0070921985815602835 0.014084507042253521 0.013986013986013986 0.014598540145985401 0.014084507042253521 0.026490066225165563 0.026490066225165563 0.0136986301369863 0.014492753623188406 0.014492753623188406 0.014492753623188406 1.0 0.013986013986013986 0.013986013986013986 0.06206896551724138 0.06206896551724138 0.06206896551724138 0.06578947368421052 0.06578947368421052 0.056338028169014086 0.05517241379310345 0.007194244604316547 0.021739130434782608 0.021739130434782608 0.05806451612903226 0.05806451612903226 0.04093567251461988 0.020689655172413793 0.056338028169014086 0.0625 0.058823529411764705 0.0684931506849315 0.0684931506849315 0.0472972972972973 0.056338028169014086 0.0072992700729927005 0.07784431137724551 0.007194244604316547 0.058394160583941604 0.06944444444444445 0.051094890510948905 0.06382978723404255 
org.apache.lucene.analysis.ko.Viterbi 0.0 0.0 0.0 0.0 0.0 0.0 0.07142857142857142 0.0 0.0 0.0 0.04 0.04 0.0 0.1 0.1 0.1 0.013986013986013986 1.0 1.0 0.041666666666666664 0.041666666666666664 0.041666666666666664 0.03125 0.03125 0.05 0.043478260869565216 0.0 0.09090909090909091 0.09090909090909091 0.029411764705882353 0.029411764705882353 0.0425531914893617 0.05555555555555555 0.05 0.09090909090909091 0.03125 0.038461538461538464 0.038461538461538464 0.04 0.05 0.0 0.0851063829787234 0.0 0.06666666666666667 0.08695652173913043 0.07142857142857142 0.05 
org.apache.lucene.analysis.ko.Viterbi$1 0.0 0.0 0.0 0.0 0.0 0.0 0.07142857142857142 0.0 0.0 0.0 0.04 0.04 0.0 0.1 0.1 0.1 0.013986013986013986 1.0 1.0 0.041666666666666664 0.041666666666666664 0.041666666666666664 0.03125 0.03125 0.05 0.043478260869565216 0.0 0.09090909090909091 0.09090909090909091 0.029411764705882353 0.029411764705882353 0.0425531914893617 0.05555555555555555 0.05 0.09090909090909091 0.03125 0.038461538461538464 0.038461538461538464 0.04 0.05 0.0 0.0851063829787234 0.0 0.06666666666666667 0.08695652173913043 0.07142857142857142 0.05 
org.apache.lucene.analysis.ko.dict.CharacterDefinition 0.16666666666666666 0.16666666666666666 0.2222222222222222 0.09090909090909091 0.09090909090909091 0.047619047619047616 0.14285714285714285 0.08695652173913043 0.11764705882352941 0.09090909090909091 0.16666666666666666 0.16666666666666666 0.12 0.1111111111111111 0.1111111111111111 0.1111111111111111 0.06206896551724138 0.041666666666666664 0.041666666666666664 1.0 1.0 1.0 0.5 0.5 0.36363636363636365 0.32 0.05263157894736842 0.16666666666666666 0.16666666666666666 0.375 0.375 0.16 0.16666666666666666 0.36363636363636365 0.375 0.4 0.44 0.44 0.2962962962962963 0.36363636363636365 0.058823529411764705 0.2 0.05263157894736842 0.47058823529411764 0.36 0.4117647058823529 0.36363636363636365 
org.apache.lucene.analysis.ko.dict.CharacterDefinition$CharacterClass 0.16666666666666666 0.16666666666666666 0.2222222222222222 0.09090909090909091 0.09090909090909091 0.047619047619047616 0.14285714285714285 0.08695652173913043 0.11764705882352941 0.09090909090909091 0.16666666666666666 0.16666666666666666 0.12 0.1111111111111111 0.1111111111111111 0.1111111111111111 0.06206896551724138 0.041666666666666664 0.041666666666666664 1.0 1.0 1.0 0.5 0.5 0.36363636363636365 0.32 0.05263157894736842 0.16666666666666666 0.16666666666666666 0.375 0.375 0.16 0.16666666666666666 0.36363636363636365 0.375 0.4 0.44 0.44 0.2962962962962963 0.36363636363636365 0.058823529411764705 0.2 0.05263157894736842 0.47058823529411764 0.36 0.4117647058823529 0.36363636363636365 
org.apache.lucene.analysis.ko.dict.CharacterDefinition$SingletonHolder 0.16666666666666666 0.16666666666666666 0.2222222222222222 0.09090909090909091 0.09090909090909091 0.047619047619047616 0.14285714285714285 0.08695652173913043 0.11764705882352941 0.09090909090909091 0.16666666666666666 0.16666666666666666 0.12 0.1111111111111111 0.1111111111111111 0.1111111111111111 0.06206896551724138 0.041666666666666664 0.041666666666666664 1.0 1.0 1.0 0.5 0.5 0.36363636363636365 0.32 0.05263157894736842 0.16666666666666666 0.16666666666666666 0.375 0.375 0.16 0.16666666666666666 0.36363636363636365 0.375 0.4 0.44 0.44 0.2962962962962963 0.36363636363636365 0.058823529411764705 0.2 0.05263157894736842 0.47058823529411764 0.36 0.4117647058823529 0.36363636363636365 
org.apache.lucene.analysis.ko.dict.ConnectionCosts 0.11538461538461539 0.11538461538461539 0.1111111111111111 0.06666666666666667 0.06666666666666667 0.034482758620689655 0.10344827586206896 0.06451612903225806 0.08 0.06666666666666667 0.13157894736842105 0.13157894736842105 0.058823529411764705 0.07692307692307693 0.07692307692307693 0.07692307692307693 0.06578947368421052 0.03125 0.03125 0.5 0.5 0.5 1.0 1.0 0.26666666666666666 0.24242424242424243 0.037037037037037035 0.11538461538461539 0.11538461538461539 0.5294117647058824 0.5294117647058824 0.13793103448275862 0.16129032258064516 0.26666666666666666 0.28125 0.42857142857142855 0.5714285714285714 0.5714285714285714 0.19444444444444445 0.26666666666666666 0.04 0.19298245614035087 0.037037037037037035 0.32 0.2727272727272727 0.28 0.26666666666666666 
org.apache.lucene.analysis.ko.dict.ConnectionCosts$SingletonHolder 0.11538461538461539 0.11538461538461539 0.1111111111111111 0.06666666666666667 0.06666666666666667 0.034482758620689655 0.10344827586206896 0.06451612903225806 0.08 0.06666666666666667 0.13157894736842105 0.13157894736842105 0.058823529411764705 0.07692307692307693 0.07692307692307693 0.07692307692307693 0.06578947368421052 0.03125 0.03125 0.5 0.5 0.5 1.0 1.0 0.26666666666666666 0.24242424242424243 0.037037037037037035 0.11538461538461539 0.11538461538461539 0.5294117647058824 0.5294117647058824 0.13793103448275862 0.16129032258064516 0.26666666666666666 0.28125 0.42857142857142855 0.5714285714285714 0.5714285714285714 0.19444444444444445 0.26666666666666666 0.04 0.19298245614035087 0.037037037037037035 0.32 0.2727272727272727 0.28 0.26666666666666666 
org.apache.lucene.analysis.ko.dict.ConnectionCostsBuilder 0.21428571428571427 0.21428571428571427 0.125 0.05263157894736842 0.05263157894736842 0.058823529411764705 0.1111111111111111 0.10526315789473684 0.15384615384615385 0.1111111111111111 0.14814814814814814 0.14814814814814814 0.09090909090909091 0.14285714285714285 0.14285714285714285 0.14285714285714285 0.056338028169014086 0.05 0.05 0.36363636363636365 0.36363636363636365 0.36363636363636365 0.26666666666666666 0.26666666666666666 1.0 0.7058823529411765 0.14285714285714285 0.21428571428571427 0.21428571428571427 0.3333333333333333 0.3333333333333333 0.2558139534883721 0.2631578947368421 0.8571428571428571 0.3181818181818182 0.26666666666666666 0.3333333333333333 0.3333333333333333 0.55 0.8571428571428571 0.07692307692307693 0.19148936170212766 0.14285714285714285 0.6153846153846154 0.42857142857142855 0.5384615384615384 0.4444444444444444 
org.apache.lucene.analysis.ko.dict.DictionaryBuilder 0.17647058823529413 0.17647058823529413 0.10526315789473684 0.045454545454545456 0.045454545454545456 0.05 0.09523809523809523 0.09090909090909091 0.125 0.09523809523809523 0.13333333333333333 0.13333333333333333 0.08 0.11764705882352941 0.11764705882352941 0.11764705882352941 0.05517241379310345 0.043478260869565216 0.043478260869565216 0.32 0.32 0.32 0.24242424242424243 0.24242424242424243 0.7058823529411765 1.0 0.11764705882352941 0.17647058823529413 0.17647058823529413 0.30303030303030304 0.30303030303030304 0.2391304347826087 0.22727272727272727 0.7058823529411765 0.28 0.24242424242424243 0.2962962962962963 0.2962962962962963 0.4782608695652174 0.7058823529411765 0.0625 0.18 0.11764705882352941 0.5 0.375 0.4375 0.38095238095238093 
org.apache.lucene.analysis.ko.dict.DictionaryConstants 0.16666666666666666 0.16666666666666666 0.0 0.0 0.0 0.0 0.0 0.0 0.0 0.0 0.10526315789473684 0.10526315789473684 0.0 0.0 0.0 0.0 0.007194244604316547 0.0 0.0 0.05263157894736842 0.05263157894736842 0.05263157894736842 0.037037037037037035 0.037037037037037035 0.14285714285714285 0.11764705882352941 1.0 0.16666666666666666 0.16666666666666666 0.034482758620689655 0.034482758620689655 0.023255813953488372 0.16666666666666666 0.14285714285714285 0.0 0.12 0.047619047619047616 0.047619047619047616 0.05 0.14285714285714285 0.3333333333333333 0.045454545454545456 0.5 0.1 0.1111111111111111 0.0 0.06666666666666667 
org.apache.lucene.analysis.ko.dict.KoMorphData 0.6 0.6 0.2857142857142857 0.1 0.1 0.125 0.2222222222222222 0.2 0.5 0.2222222222222222 0.15789473684210525 0.15789473684210525 0.15384615384615385 0.4 0.4 0.4 0.021739130434782608 0.09090909090909091 0.09090909090909091 0.16666666666666666 0.16666666666666666 0.16666666666666666 0.11538461538461539 0.11538461538461539 0.21428571428571427 0.17647058823529413 0.16666666666666666 1.0 1.0 0.10714285714285714 0.10714285714285714 0.046511627906976744 0.36363636363636365 0.21428571428571427 0.1111111111111111 0.07407407407407407 0.15 0.15 0.1 0.21428571428571427 0.25 0.06818181818181818 0.16666666666666666 0.3333333333333333 0.23529411764705882 0.2222222222222222 0.13333333333333333 
org.apache.lucene.analysis.ko.dict.KoMorphData$Morpheme 0.6 0.6 0.2857142857142857 0.1 0.1 0.125 0.2222222222222222 0.2 0.5 0.2222222222222222 0.15789473684210525 0.15789473684210525 0.15384615384615385 0.4 0.4 0.4 0.021739130434782608 0.09090909090909091 0.09090909090909091 0.16666666666666666 0.16666666666666666 0.16666666666666666 0.11538461538461539 0.11538461538461539 0.21428571428571427 0.17647058823529413 0.16666666666666666 1.0 1.0 0.10714285714285714 0.10714285714285714 0.046511627906976744 0.36363636363636365 0.21428571428571427 0.1111111111111111 0.07407407407407407 0.15 0.15 0.1 0.21428571428571427 0.25 0.06818181818181818 0.16666666666666666 0.3333333333333333 0.23529411764705882 0.2222222222222222 0.13333333333333333 
org.apache.lucene.analysis.ko.dict.TokenInfoDictionary 0.10714285714285714 0.10714285714285714 0.06666666666666667 0.030303030303030304 0.030303030303030304 0.03225806451612903 0.0625 0.06060606060606061 0.07407407407407407 0.0625 0.0975609756097561 0.0975609756097561 0.05555555555555555 0.07142857142857142 0.07142857142857142 0.07142857142857142 0.05806451612903226 0.029411764705882353 0.029411764705882353 0.375 0.375 0.375 0.5294117647058824 0.5294117647058824 0.3333333333333333 0.30303030303030304 0.034482758620689655 0.10714285714285714 0.10714285714285714 1.0 1.0 0.23636363636363636 0.15151515151515152 0.3333333333333333 0.2647058823529412 0.3684210526315789 0.5333333333333333 0.5333333333333333 0.2857142857142857 0.3333333333333333 0.037037037037037035 0.1864406779661017 0.034482758620689655 0.2962962962962963 0.2571428571428571 0.25925925925925924 0.25 
org.apache.lucene.analysis.ko.dict.TokenInfoDictionary$SingletonHolder 0.10714285714285714 0.10714285714285714 0.06666666666666667 0.030303030303030304 0.030303030303030304 0.03225806451612903 0.0625 0.06060606060606061 0.07407407407407407 0.0625 0.0975609756097561 0.0975609756097561 0.05555555555555555 0.07142857142857142 0.07142857142857142 0.07142857142857142 0.05806451612903226 0.029411764705882353 0.029411764705882353 0.375 0.375 0.375 0.5294117647058824 0.5294117647058824 0.3333333333333333 0.30303030303030304 0.034482758620689655 0.10714285714285714 0.10714285714285714 1.0 1.0 0.23636363636363636 0.15151515151515152 0.3333333333333333 0.2647058823529412 0.3684210526315789 0.5333333333333333 0.5333333333333333 0.2857142857142857 0.3333333333333333 0.037037037037037035 0.1864406779661017 0.034482758620689655 0.2962962962962963 0.2571428571428571 0.25925925925925924 0.25 
org.apache.lucene.analysis.ko.dict.TokenInfoDictionaryBuilder 0.046511627906976744 0.046511627906976744 0.06976744186046512 0.043478260869565216 0.043478260869565216 0.022222222222222223 0.06666666666666667 0.0425531914893617 0.04878048780487805 0.043478260869565216 0.09259259259259259 0.09259259259259259 0.04 0.047619047619047616 0.047619047619047616 0.047619047619047616 0.04093567251461988 0.0425531914893617 0.0425531914893617 0.16 0.16 0.16 0.13793103448275862 0.13793103448275862 0.2558139534883721 0.2391304347826087 0.023255813953488372 0.046511627906976744 0.046511627906976744 0.23636363636363636 0.23636363636363636 1.0 0.18181818181818182 0.2558139534883721 0.2127659574468085 0.17857142857142858 0.15384615384615385 0.15384615384615385 0.3409090909090909 0.2558139534883721 0.0 0.2923076923076923 0.047619047619047616 0.16666666666666666 0.16 0.17073170731707318 0.17391304347826086 
org.apache.lucene.analysis.ko.dict.TokenInfoDictionaryEntryWriter 0.25 0.25 0.23076923076923078 0.125 0.125 0.06666666666666667 0.2 0.11764705882352941 0.18181818181818182 0.125 0.2608695652173913 0.2608695652173913 0.1 0.16666666666666666 0.16666666666666666 0.16666666666666666 0.020689655172413793 0.05555555555555555 0.05555555555555555 0.16666666666666666 0.16666666666666666 0.16666666666666666 0.16129032258064516 0.16129032258064516 0.2631578947368421 0.22727272727272727 0.16666666666666666 0.36363636363636365 0.36363636363636365 0.15151515151515152 0.15151515151515152 0.18181818181818182 1.0 0.2631578947368421 0.125 0.09090909090909091 0.1111111111111111 0.1111111111111111 0.20833333333333334 0.2631578947368421 0.09090909090909091 0.125 0.2727272727272727 0.1875 0.21739130434782608 0.125 0.14285714285714285 
org.apache.lucene.analysis.ko.dict.TokenInfoDictionaryWriter 0.21428571428571427 0.21428571428571427 0.125 0.05263157894736842 0.05263157894736842 0.058823529411764705 0.1111111111111111 0.10526315789473684 0.15384615384615385 0.1111111111111111 0.14814814814814814 0.14814814814814814 0.09090909090909091 0.14285714285714285 0.14285714285714285 0.14285714285714285 0.056338028169014086 0.05 0.05 0.36363636363636365 0.36363636363636365 0.36363636363636365 0.26666666666666666 0.26666666666666666 0.8571428571428571 0.7058823529411765 0.14285714285714285 0.21428571428571427 0.21428571428571427 0.3333333333333333 0.3333333333333333 0.2558139534883721 0.2631578947368421 1.0 0.3181818181818182 0.26666666666666666 0.3333333333333333 0.3333333333333333 0.55 0.8571428571428571 0.07692307692307693 0.19148936170212766 0.14285714285714285 0.6153846153846154 0.42857142857142855 0.5384615384615384 0.4444444444444444 
org.apache.lucene.analysis.ko.dict.TokenInfoFST 0.1111111111111111 0.1111111111111111 0.16666666666666666 0.09523809523809523 0.09523809523809523 0.05 0.15 0.09090909090909091 0.125 0.09523809523809523 0.0967741935483871 0.0967741935483871 0.08 0.11764705882352941 0.11764705882352941 0.11764705882352941 0.0625 0.09090909090909091 0.09090909090909091 0.375 0.375 0.375 0.28125 0.28125 0.3181818181818182 0.28 0.0 0.1111111111111111 0.1111111111111111 0.2647058823529412 0.2647058823529412 0.2127659574468085 0.125 0.3181818181818182 1.0 0.24242424242424243 0.34615384615384615 0.34615384615384615 0.3076923076923077 0.3181818181818182 0.0 0.2826086956521739 0.0 0.4117647058823529 0.32 0.4375 0.38095238095238093 
org.apache.lucene.analysis.ko.dict.TokenInfoMorphData 0.07407407407407407 0.07407407407407407 0.034482758620689655 0.03225806451612903 0.03225806451612903 0.034482758620689655 0.03225806451612903 0.03125 0.038461538461538464 0.03225806451612903 0.075 0.075 0.02857142857142857 0.037037037037037035 0.037037037037037035 0.037037037037037035 0.058823529411764705 0.03125 0.03125 0.4 0.4 0.4 0.42857142857142855 0.42857142857142855 0.26666666666666666 0.24242424242424243 0.12 0.07407407407407407 0.07407407407407407 0.3684210526315789 0.3684210526315789 0.17857142857142858 0.09090909090909091 0.26666666666666666 0.24242424242424243 1.0 0.4666666666666667 0.4666666666666667 0.2647058823529412 0.26666666666666666 0.04 0.23636363636363636 0.07692307692307693 0.2692307692307692 0.2727272727272727 0.23076923076923078 0.26666666666666666 
org.apache.lucene.analysis.ko.dict.UnknownDictionary 0.15 0.15 0.09090909090909091 0.04 0.04 0.043478260869565216 0.08333333333333333 0.08 0.10526315789473684 0.08333333333333333 0.12121212121212122 0.12121212121212122 0.07142857142857142 0.1 0.1 0.1 0.0684931506849315 0.038461538461538464 0.038461538461538464 0.44 0.44 0.44 0.5714285714285714 0.5714285714285714 0.3333333333333333 0.2962962962962963 0.047619047619047616 0.15 0.15 0.5333333333333333 0.5333333333333333 0.15384615384615385 0.1111111111111111 0.3333333333333333 0.34615384615384615 0.4666666666666667 1.0 1.0 0.27586206896551724 0.3333333333333333 0.05263157894736842 0.24 0.047619047619047616 0.42105263157894735 0.3333333333333333 0.3684210526315789 0.3333333333333333 
org.apache.lucene.analysis.ko.dict.UnknownDictionary$SingletonHolder 0.15 0.15 0.09090909090909091 0.04 0.04 0.043478260869565216 0.08333333333333333 0.08 0.10526315789473684 0.08333333333333333 0.12121212121212122 0.12121212121212122 0.07142857142857142 0.1 0.1 0.1 0.0684931506849315 0.038461538461538464 0.038461538461538464 0.44 0.44 0.44 0.5714285714285714 0.5714285714285714 0.3333333333333333 0.2962962962962963 0.047619047619047616 0.15 0.15 0.5333333333333333 0.5333333333333333 0.15384615384615385 0.1111111111111111 0.3333333333333333 0.34615384615384615 0.4666666666666667 1.0 1.0 0.27586206896551724 0.3333333333333333 0.05263157894736842 0.24 0.047619047619047616 0.42105263157894735 0.3333333333333333 0.3684210526315789 0.3333333333333333 
org.apache.lucene.analysis.ko.dict.UnknownDictionaryBuilder 0.1 0.1 0.15 0.041666666666666664 0.041666666666666664 0.045454545454545456 0.08695652173913043 0.08333333333333333 0.1111111111111111 0.08695652173913043 0.125 0.125 0.11538461538461539 0.10526315789473684 0.10526315789473684 0.10526315789473684 0.0472972972972973 0.04 0.04 0.2962962962962963 0.2962962962962963 0.2962962962962963 0.19444444444444445 0.19444444444444445 0.55 0.4782608695652174 0.05 0.1 0.1 0.2857142857142857 0.2857142857142857 0.3409090909090909 0.20833333333333334 0.55 0.3076923076923077 0.2647058823529412 0.27586206896551724 0.27586206896551724 1.0 0.55 0.0 0.22 0.10526315789473684 0.3684210526315789 0.2962962962962963 0.3888888888888889 0.34782608695652173 
org.apache.lucene.analysis.ko.dict.UnknownDictionaryWriter 0.21428571428571427 0.21428571428571427 0.125 0.05263157894736842 0.05263157894736842 0.058823529411764705 0.1111111111111111 0.10526315789473684 0.15384615384615385 0.1111111111111111 0.14814814814814814 0.14814814814814814 0.09090909090909091 0.14285714285714285 0.14285714285714285 0.14285714285714285 0.056338028169014086 0.05 0.05 0.36363636363636365 0.36363636363636365 0.36363636363636365 0.26666666666666666 0.26666666666666666 0.8571428571428571 0.7058823529411765 0.14285714285714285 0.21428571428571427 0.21428571428571427 0.3333333333333333 0.3333333333333333 0.2558139534883721 0.2631578947368421 0.8571428571428571 0.3181818181818182 0.26666666666666666 0.3333333333333333 0.3333333333333333 0.55 1.0 0.07692307692307693 0.19148936170212766 0.14285714285714285 0.6153846153846154 0.42857142857142855 0.5384615384615384 0.4444444444444444 
org.apache.lucene.analysis.ko.dict.UnknownMorphData 0.25 0.25 0.0 0.0 0.0 0.0 0.0 0.0 0.0 0.0 0.05555555555555555 0.05555555555555555 0.0 0.0 0.0 0.0 0.0072992700729927005 0.0 0.0 0.058823529411764705 0.058823529411764705 0.058823529411764705 0.04 0.04 0.07692307692307693 0.0625 0.3333333333333333 0.25 0.25 0.037037037037037035 0.037037037037037035 0.0 0.09090909090909091 0.07692307692307693 0.0 0.04 0.05263157894736842 0.05263157894736842 0.0 0.07692307692307693 1.0 0.023255813953488372 0.3333333333333333 0.125 0.058823529411764705 0.0 0.0 
org.apache.lucene.analysis.ko.dict.UserDictionary 0.06818181818181818 0.06818181818181818 0.06666666666666667 0.041666666666666664 0.041666666666666664 0.02127659574468085 0.06382978723404255 0.04081632653061224 0.046511627906976744 0.041666666666666664 0.10909090909090909 0.10909090909090909 0.038461538461538464 0.045454545454545456 0.045454545454545456 0.045454545454545456 0.07784431137724551 0.0851063829787234 0.0851063829787234 0.2 0.2 0.2 0.19298245614035087 0.19298245614035087 0.19148936170212766 0.18 0.045454545454545456 0.06818181818181818 0.06818181818181818 0.1864406779661017 0.1864406779661017 0.2923076923076923 0.125 0.19148936170212766 0.2826086956521739 0.23636363636363636 0.24 0.24 0.22 0.19148936170212766 0.023255813953488372 1.0 0.06976744186046512 0.18604651162790697 0.2 0.16279069767441862 0.19148936170212766 
org.apache.lucene.analysis.ko.dict.UserMorphData 0.16666666666666666 0.16666666666666666 0.0 0.0 0.0 0.0 0.0 0.0 0.0 0.0 0.10526315789473684 0.10526315789473684 0.0 0.0 0.0 0.0 0.007194244604316547 0.0 0.0 0.05263157894736842 0.05263157894736842 0.05263157894736842 0.037037037037037035 0.037037037037037035 0.14285714285714285 0.11764705882352941 0.5 0.16666666666666666 0.16666666666666666 0.034482758620689655 0.034482758620689655 0.047619047619047616 0.2727272727272727 0.14285714285714285 0.0 0.07692307692307693 0.047619047619047616 0.047619047619047616 0.10526315789473684 0.14285714285714285 0.3333333333333333 0.06976744186046512 1.0 0.1 0.1111111111111111 0.0 0.06666666666666667 
org.apache.lucene.analysis.ko.tokenattributes.PartOfSpeechAttribute 0.3333333333333333 0.3333333333333333 0.18181818181818182 0.07142857142857142 0.07142857142857142 0.08333333333333333 0.15384615384615385 0.14285714285714285 0.25 0.15384615384615385 0.13043478260869565 0.13043478260869565 0.11764705882352941 0.2222222222222222 0.2222222222222222 0.2222222222222222 0.058394160583941604 0.06666666666666667 0.06666666666666667 0.47058823529411764 0.47058823529411764 0.47058823529411764 0.32 0.32 0.6153846153846154 0.5 0.1 0.3333333333333333 0.3333333333333333 0.2962962962962963 0.2962962962962963 0.16666666666666666 0.1875 0.6153846153846154 0.4117647058823529 0.2692307692307692 0.42105263157894735 0.42105263157894735 0.3684210526315789 0.6153846153846154 0.125 0.18604651162790697 0.1 1.0 0.47058823529411764 0.875 0.5 
org.apache.lucene.analysis.ko.tokenattributes.PartOfSpeechAttributeImpl 0.16666666666666666 0.16666666666666666 0.1 0.043478260869565216 0.043478260869565216 0.047619047619047616 0.09090909090909091 0.08695652173913043 0.11764705882352941 0.09090909090909091 0.12903225806451613 0.12903225806451613 0.07692307692307693 0.1111111111111111 0.1111111111111111 0.1111111111111111 0.06944444444444445 0.08695652173913043 0.08695652173913043 0.36 0.36 0.36 0.2727272727272727 0.2727272727272727 0.42857142857142855 0.375 0.1111111111111111 0.23529411764705882 0.23529411764705882 0.2571428571428571 0.2571428571428571 0.16 0.21739130434782608 0.42857142857142855 0.32 0.2727272727272727 0.3333333333333333 0.3333333333333333 0.2962962962962963 0.42857142857142855 0.058823529411764705 0.2 0.1111111111111111 0.47058823529411764 1.0 0.4117647058823529 0.7647058823529411 
org.apache.lucene.analysis.ko.tokenattributes.ReadingAttribute 0.2222222222222222 0.2222222222222222 0.2 0.07692307692307693 0.07692307692307693 0.09090909090909091 0.16666666666666666 0.15384615384615385 0.2857142857142857 0.16666666666666666 0.08695652173913043 0.08695652173913043 0.125 0.25 0.25 0.25 0.051094890510948905 0.07142857142857142 0.07142857142857142 0.4117647058823529 0.4117647058823529 0.4117647058823529 0.28 0.28 0.5384615384615384 0.4375 0.0 0.2222222222222222 0.2222222222222222 0.25925925925925924 0.25925925925925924 0.17073170731707318 0.125 0.5384615384615384 0.4375 0.23076923076923078 0.3684210526315789 0.3684210526315789 0.3888888888888889 0.5384615384615384 0.0 0.16279069767441862 0.0 0.875 0.4117647058823529 1.0 0.5384615384615384 
org.apache.lucene.analysis.ko.tokenattributes.ReadingAttributeImpl 0.13333333333333333 0.13333333333333333 0.125 0.05263157894736842 0.05263157894736842 0.058823529411764705 0.1111111111111111 0.10526315789473684 0.15384615384615385 0.1111111111111111 0.10714285714285714 0.10714285714285714 0.09090909090909091 0.14285714285714285 0.14285714285714285 0.14285714285714285 0.06382978723404255 0.05 0.05 0.36363636363636365 0.36363636363636365 0.36363636363636365 0.26666666666666666 0.26666666666666666 0.4444444444444444 0.38095238095238093 0.06666666666666667 0.13333333333333333 0.13333333333333333 0.25 0.25 0.17391304347826086 0.14285714285714285 0.4444444444444444 0.38095238095238093 0.26666666666666666 0.3333333333333333 0.3333333333333333 0.34782608695652173 0.4444444444444444 0.0 0.19148936170212766 0.06666666666666667 0.5 0.7647058823529411 0.5384615384615384 1.0 
