org.apache.dubbo.registry.AddressListener 1.0 0.0 0.05128205128205128 0.0 0.0 0.05263157894736842 0.07142857142857142 0.009708737864077669 0.043478260869565216 0.05555555555555555 0.03333333333333333 0.0 0.061224489795918366 0.0136986301369863 0.0425531914893617 0.041666666666666664 0.0 0.03389830508474576 0.07407407407407407 0.08695652173913043 0.06451612903225806 0.07692307692307693 0.0 0.0 0.0 0.0 0.0 0.010101010101010102 0.03571428571428571 0.047619047619047616 0.0 0.0 0.0 0.0 0.0 0.0 0.0 0.0 0.0 0.03389830508474576 0.0 0.015873015873015872 0.0 0.0 0.0 0.0 0.0 0.0 0.0 0.03773584905660377 0.0 0.04081632653061224 0.04081632653061224 0.05128205128205128 0.025 0.0425531914893617 0.0425531914893617 0.0 0.0 0.02631578947368421 0.03571428571428571 0.03571428571428571 0.037037037037037035 0.037037037037037035 0.037037037037037035 0.03571428571428571 0.03225806451612903 0.037037037037037035 0.029411764705882353 0.03225806451612903 0.03125 0.037037037037037035 0.0 0.0 0.0 0.0 0.0 0.0 0.028169014084507043 0.07407407407407407 0.0 0.0 0.0 0.0 0.0 0.0 0.0 0.0 0.0 0.0 0.0 0.0 0.0 0.0 0.0 0.0 0.0 0.0 0.0 0.0 0.0 0.02857142857142857 0.03571428571428571 0.0 0.0 0.0 0.0 0.03571428571428571 0.02857142857142857 0.0 0.05263157894736842 0.05263157894736842 0.05 0.05555555555555555 0.05555555555555555 0.05555555555555555 0.05555555555555555 0.05555555555555555 0.05555555555555555 0.05555555555555555 0.05555555555555555 0.05555555555555555 0.05555555555555555 0.05263157894736842 0.05555555555555555 0.05555555555555555 0.05555555555555555 0.05555555555555555 0.05555555555555555 0.05555555555555555 0.0 0.05263157894736842 0.05263157894736842 0.05263157894736842 0.05 0.05263157894736842 0.05 0.05 0.05263157894736842 0.05263157894736842 0.05 0.0 0.05263157894736842 0.0 0.02 0.0 0.03636363636363636 0.07407407407407407 0.0 0.0 0.0 0.0 0.0 0.0 0.0 0.0 0.043478260869565216 0.0 0.0 0.0 0.0 0.0 0.0 0.0 0.0 0.020833333333333332 0.06451612903225806 0.034482758620689655 0.07692307692307693 0.05263157894736842 0.03125 0.06896551724137931 0.04081632653061224 0.04081632653061224 0.06666666666666667 0.05128205128205128 0.06666666666666667 0.034482758620689655 0.0625 0.05555555555555555 0.06666666666666667 0.017857142857142856 0.03125 0.016666666666666666 0.05263157894736842 0.043478260869565216 0.06666666666666667 0.0 0.0 0.0 0.0 0.03125 0.06896551724137931 0.0 0.0 
org.apache.dubbo.rpc.cluster.CacheableRouterFactory 0.0 1.0 0.0 0.0 0.0 0.0 0.0 0.003367003367003367 0.0 0.0 0.0 0.0 0.05555555555555555 0.034482758620689655 0.06060606060606061 0.0 0.0 0.021739130434782608 0.0 0.0 0.0 0.0 0.06060606060606061 0.0 0.06666666666666667 0.08333333333333333 0.0 0.0 0.023255813953488372 0.0 0.0 0.0 0.0 0.0 0.0 0.0 0.0 0.0 0.0 0.0 0.0 0.0 0.0 0.0 0.0 0.0 0.0 0.0 0.0 0.0 0.0 0.0 0.0 0.0 0.0 0.029411764705882353 0.029411764705882353 0.07692307692307693 0.07692307692307693 0.0 0.0 0.0 0.0 0.0 0.0 0.0 0.0 0.0 0.0 0.0 0.0 0.0 0.08 0.0 0.0 0.0 0.0 0.0 0.03508771929824561 0.0 0.11764705882352941 0.2 0.05555555555555555 0.0 0.0 0.11764705882352941 0.2222222222222222 0.06666666666666667 0.07692307692307693 0.0 0.0 0.0 0.0 0.0 0.0 0.0 0.0 0.0 0.0 0.0 0.0 0.0 0.0 0.0 0.0 0.0 0.0 0.0 0.0 0.0 0.0 0.0 0.0 0.0 0.0 0.0 0.0 0.0 0.0 0.0 0.0 0.0 0.0 0.0 0.0 0.0 0.0 0.0 0.0 0.0 0.0 0.0 0.0 0.0 0.0 0.0 0.0 0.0 0.0 0.0 0.0 0.14285714285714285 0.0 0.0 0.027777777777777776 0.2222222222222222 0.075 0.0 0.0 0.0 0.0 0.0 0.0 0.0 0.16666666666666666 0.0 0.0 0.0 0.0 0.02857142857142857 0.0 0.0 0.0 0.0 0.0 0.0 0.0 0.0 0.0 0.0 0.0 0.0 0.0 0.0 0.0 0.0 0.0 0.0 0.0 0.0 0.0 0.0 0.0 0.0 0.0 0.0 0.0 0.0 0.0 0.0 0.0 0.0 0.0 0.0 0.0 
org.apache.dubbo.rpc.cluster.Cluster 0.05128205128205128 0.0 1.0 0.034482758620689655 0.038461538461538464 0.21621621621621623 0.2962962962962963 0.01929260450160772 0.2926829268292683 0.72 0.38461538461538464 0.0 0.29545454545454547 0.025974025974025976 0.42105263157894735 0.15384615384615385 0.0 0.1 0.1724137931034483 0.2 0.15151515151515152 0.17857142857142858 0.018867924528301886 0.0 0.0 0.0 0.0 0.10526315789473684 0.14545454545454545 0.0 0.0 0.0 0.0 0.0 0.0 0.0 0.0 0.0 0.0 0.08196721311475409 0.0 0.078125 0.0 0.0 0.0 0.0 0.037037037037037035 0.0 0.0 0.17647058823529413 0.0 0.16666666666666666 0.16666666666666666 0.24324324324324326 0.24324324324324326 0.2 0.2 0.0 0.0 0.1891891891891892 0.21428571428571427 0.21428571428571427 0.17857142857142858 0.17857142857142858 0.17857142857142858 0.21428571428571427 0.1935483870967742 0.17857142857142858 0.21212121212121213 0.23333333333333334 0.1875 0.17857142857142858 0.022222222222222223 0.0 0.0 0.0 0.0 0.0 0.11428571428571428 0.3076923076923077 0.0 0.0 0.0 0.0 0.0 0.0 0.0 0.0 0.0 0.0 0.0 0.0 0.0 0.0 0.0 0.0 0.0 0.0 0.0 0.0 0.0 0.17142857142857143 0.0 0.0 0.0 0.0 0.0 0.0 0.0 0.0 0.0 0.0 0.0 0.0 0.0 0.0 0.0 0.0 0.0 0.0 0.0 0.0 0.0 0.0 0.0 0.0 0.0 0.0 0.0 0.0 0.0 0.0 0.0 0.0 0.0 0.0 0.0 0.0 0.0 0.0 0.0 0.0 0.0 0.0 0.14285714285714285 0.0 0.12727272727272726 0.25925925925925924 0.0 0.0 0.0 0.03225806451612903 0.0 0.0 0.0 0.0 0.03571428571428571 0.0 0.0 0.011111111111111112 0.0 0.0 0.0 0.0 0.0 0.10752688172043011 0.4074074074074074 0.25 0.2692307692307692 0.21621621621621623 0.16393442622950818 0.38461538461538464 0.16666666666666666 0.16666666666666666 0.37037037037037035 0.24324324324324326 0.37037037037037035 0.16071428571428573 0.3448275862068966 0.22857142857142856 0.37037037037037035 0.12727272727272726 0.26666666666666666 0.13793103448275862 0.041666666666666664 0.03571428571428571 0.08823529411764706 0.08108108108108109 0.08108108108108109 0.08108108108108109 0.08108108108108109 0.14516129032258066 0.2857142857142857 0.0 0.0 
org.apache.dubbo.rpc.cluster.ClusterInvoker 0.0 0.0 0.034482758620689655 1.0 0.0 0.0 0.0 0.0033333333333333335 0.15625 0.0 0.0 0.1 0.0 0.0 0.0 0.0 0.0 0.02040816326530612 0.0 0.0 0.0 0.0 0.0 0.0 0.0 0.0 0.0 0.05952380952380952 0.0 0.0 0.0625 0.05263157894736842 0.05263157894736842 0.05263157894736842 0.05263157894736842 0.05263157894736842 0.05263157894736842 0.05263157894736842 0.125 0.041666666666666664 0.0 0.019230769230769232 0.0 0.0 0.0 0.0 0.0 0.07142857142857142 0.07142857142857142 0.0 0.0 0.0 0.0 0.0 0.0 0.0 0.0 0.0 0.0 0.0 0.0 0.0 0.0 0.0 0.0 0.0 0.0 0.0 0.0 0.0 0.0 0.0 0.0 0.0 0.0 0.0 0.0 0.0 0.0 0.0 0.0 0.0 0.0 0.0 0.0 0.0 0.0 0.05555555555555555 0.0 0.0 0.0 0.0 0.0 0.0 0.0 0.0 0.0 0.0 0.0 0.0 0.0 0.041666666666666664 0.0 0.0 0.0 0.0 0.0 0.0 0.0 0.0 0.0 0.0 0.0 0.0 0.0 0.0 0.0 0.0 0.0 0.0 0.0 0.0 0.0 0.0 0.0 0.0 0.0 0.0 0.0 0.0 0.0 0.0 0.0 0.0 0.0 0.0 0.0 0.0 0.0 0.0 0.0 0.0 0.0 0.0 0.02564102564102564 0.0 0.0 0.0 0.0 0.0 0.0 0.0 0.0 0.0 0.0 0.0 0.0 0.0 0.0 0.0 0.0 0.0 0.08333333333333333 0.0 0.0 0.06097560975609756 0.0 0.11764705882352941 0.0 0.07407407407407407 0.0 0.0 0.02564102564102564 0.02564102564102564 0.0 0.034482758620689655 0.0 0.020833333333333332 0.0 0.038461538461538464 0.0 0.022222222222222223 0.0 0.02040816326530612 0.0 0.08333333333333333 0.10526315789473684 0.043478260869565216 0.043478260869565216 0.043478260869565216 0.043478260869565216 0.0784313725490196 0.0 0.0 0.0 
org.apache.dubbo.rpc.cluster.ClusterScopeModelInitializer 0.0 0.0 0.038461538461538464 0.0 1.0 0.04 0.0 0.003367003367003367 0.0 0.0 0.0 0.0 0.0 0.034482758620689655 0.0 0.0 0.0 0.0 0.0 0.0 0.0 0.0 0.0 0.0 0.0 0.0 0.0 0.011764705882352941 0.0 0.0 0.0 0.0 0.0 0.0 0.0 0.0 0.0 0.0 0.0 0.0 0.0 0.02040816326530612 0.0 0.0 0.0 0.0 0.0 0.0 0.0 0.0 0.16666666666666666 0.0 0.0 0.0 0.0 0.0 0.0 0.0 0.0 0.0 0.0 0.0 0.0 0.0 0.0 0.0 0.0 0.0 0.0 0.058823529411764705 0.0 0.0 0.038461538461538464 0.0 0.0 0.25 0.0 0.2 0.0 0.0 0.0 0.0 0.0 0.0 0.0 0.0 0.0 0.0 0.0 0.0 0.0 0.0 0.0 0.0 0.0 0.0 0.0 0.0 0.0 0.0 0.0 0.0 0.07142857142857142 0.0 0.0 0.2 0.25 0.07142857142857142 0.047619047619047616 0.2 0.2 0.2 0.16666666666666666 0.0 0.0 0.0 0.0 0.0 0.0 0.0 0.0 0.0 0.0 0.2 0.0 0.0 0.0 0.0 0.0 0.0 0.0 0.2 0.2 0.2 0.16666666666666666 0.2 0.16666666666666666 0.16666666666666666 0.2 0.2 0.16666666666666666 0.14285714285714285 0.2 0.25 0.027777777777777776 0.0 0.0 0.0 0.0 0.0 0.0 0.18181818181818182 0.14285714285714285 0.14285714285714285 0.0 0.2 0.1111111111111111 0.0 0.2 0.0 0.0 0.0 0.0 0.0 0.0 0.012048192771084338 0.0 0.0 0.0 0.0 0.0196078431372549 0.0 0.0 0.0 0.0 0.0 0.0 0.0 0.0 0.0 0.0 0.0 0.0 0.021739130434782608 0.0 0.0 0.0 0.05 0.05 0.05 0.05 0.0 0.0 0.0 0.0 
org.apache.dubbo.rpc.cluster.Configurator 0.05263157894736842 0.0 0.21621621621621623 0.0 0.04 1.0 0.4166666666666667 0.036065573770491806 0.15555555555555556 0.23529411764705882 0.16666666666666666 0.0 0.21739130434782608 0.012987012987012988 0.20454545454545456 0.16 0.0 0.2037037037037037 0.2222222222222222 0.2608695652173913 0.27586206896551724 0.3333333333333333 0.1276595744680851 0.0 0.0 0.0 0.0 0.07216494845360824 0.12727272727272726 0.0 0.0 0.0 0.0 0.0 0.0 0.0 0.0 0.0 0.0 0.06557377049180328 0.0 0.0625 0.0 0.0 0.0 0.0 0.0 0.0 0.0 0.18 0.0 0.1702127659574468 0.1702127659574468 0.125 0.0975609756097561 0.10416666666666667 0.10416666666666667 0.0 0.0 0.10256410256410256 0.13793103448275862 0.13793103448275862 0.10344827586206896 0.10344827586206896 0.10344827586206896 0.13793103448275862 0.125 0.10344827586206896 0.11428571428571428 0.16129032258064516 0.12121212121212122 0.10344827586206896 0.0975609756097561 0.0 0.0 0.0 0.0 0.0 0.14925373134328357 0.17857142857142858 0.08823529411764706 0.0 0.037037037037037035 0.0 0.0 0.05714285714285714 0.0 0.0 0.0 0.0 0.0 0.0 0.0 0.0 0.0 0.0 0.0 0.0 0.0 0.0 0.0 0.25 0.0 0.0 0.0 0.0 0.0 0.0 0.0 0.0 0.0 0.0 0.0 0.0 0.0 0.0 0.0 0.0 0.0 0.0 0.0 0.0 0.0 0.0 0.0 0.0 0.0 0.0 0.0 0.0 0.0 0.0 0.0 0.0 0.0 0.0 0.0 0.0 0.0 0.0 0.0 0.0 0.0 0.0 0.1702127659574468 0.0 0.17307692307692307 0.17857142857142858 0.0 0.0 0.0 0.03333333333333333 0.0 0.0 0.0 0.0 0.037037037037037035 0.0 0.0 0.058823529411764705 0.0 0.0 0.0 0.0 0.0 0.0967741935483871 0.15625 0.13333333333333333 0.18518518518518517 0.1282051282051282 0.1864406779661017 0.16666666666666666 0.14583333333333334 0.14583333333333334 0.16129032258064516 0.125 0.16129032258064516 0.12280701754385964 0.15151515151515152 0.13513513513513514 0.16129032258064516 0.12962962962962962 0.12121212121212122 0.1016949152542373 0.043478260869565216 0.037037037037037035 0.02857142857142857 0.02631578947368421 0.02631578947368421 0.02631578947368421 0.02631578947368421 0.14754098360655737 0.16666666666666666 0.0 0.0 
org.apache.dubbo.rpc.cluster.ConfiguratorFactory 0.07142857142857142 0.0 0.2962962962962963 0.0 0.0 0.4166666666666667 1.0 0.016611295681063124 0.23529411764705882 0.391304347826087 0.3157894736842105 0.0 0.24324324324324326 0.0 0.34375 0.35714285714285715 0.0 0.12244897959183673 0.35294117647058826 0.46153846153846156 0.2857142857142857 0.375 0.0 0.0 0.0 0.0 0.0 0.044444444444444446 0.10638297872340426 0.0 0.0 0.0 0.0 0.0 0.0 0.0 0.0 0.0 0.0 0.03773584905660377 0.0 0.03571428571428571 0.0 0.0 0.0 0.0 0.0 0.0 0.0 0.13953488372093023 0.0 0.125 0.125 0.16666666666666666 0.12903225806451613 0.13157894736842105 0.13157894736842105 0.0 0.0 0.13793103448275862 0.21052631578947367 0.21052631578947367 0.15789473684210525 0.15789473684210525 0.15789473684210525 0.21052631578947367 0.18181818181818182 0.15789473684210525 0.16 0.18181818181818182 0.17391304347826086 0.15789473684210525 0.0 0.0 0.0 0.0 0.0 0.0 0.08064516129032258 0.2777777777777778 0.0 0.0 0.0 0.0 0.0 0.0 0.0 0.0 0.0 0.0 0.0 0.0 0.0 0.0 0.0 0.0 0.0 0.0 0.0 0.0 0.0 0.15384615384615385 0.0 0.0 0.0 0.0 0.0 0.0 0.0 0.0 0.0 0.0 0.0 0.0 0.0 0.0 0.0 0.0 0.0 0.0 0.0 0.0 0.0 0.0 0.0 0.0 0.0 0.0 0.0 0.0 0.0 0.0 0.0 0.0 0.0 0.0 0.0 0.0 0.0 0.0 0.0 0.0 0.0 0.0 0.0975609756097561 0.0 0.10869565217391304 0.2777777777777778 0.0 0.0 0.0 0.0 0.0 0.0 0.0 0.0 0.058823529411764705 0.07142857142857142 0.0 0.0 0.0 0.0 0.0 0.0 0.0 0.045454545454545456 0.22727272727272727 0.2 0.29411764705882354 0.1724137931034483 0.09090909090909091 0.25 0.125 0.125 0.23809523809523808 0.16666666666666666 0.23809523809523808 0.10204081632653061 0.21739130434782608 0.18518518518518517 0.23809523809523808 0.0851063829787234 0.17391304347826086 0.0784313725490196 0.07692307692307693 0.058823529411764705 0.04 0.0 0.0 0.0 0.0 0.09090909090909091 0.25 0.0 0.0 
org.apache.dubbo.rpc.cluster.Constants 0.009708737864077669 0.003367003367003367 0.01929260450160772 0.0033333333333333335 0.003367003367003367 0.036065573770491806 0.016611295681063124 1.0 0.03514376996805112 0.016181229773462782 0.006557377049180328 0.003367003367003367 0.02821316614420063 0.023391812865497075 0.0220125786163522 0.010067114093959731 0.0 0.046583850931677016 0.013289036544850499 0.013468013468013467 0.023178807947019868 0.020134228187919462 0.038338658146964855 0.003389830508474576 0.016611295681063124 0.01 0.003389830508474576 0.04155124653739612 0.030864197530864196 0.010169491525423728 0.013333333333333334 0.013201320132013201 0.013201320132013201 0.013201320132013201 0.013201320132013201 0.013201320132013201 0.013201320132013201 0.013201320132013201 0.003389830508474576 0.04984423676012461 0.0 0.039755351681957186 0.0 0.0 0.0 0.0033222591362126247 0.003355704697986577 0.016835016835016835 0.016835016835016835 0.040880503144654086 0.0033783783783783786 0.031545741324921134 0.031545741324921134 0.012779552715654952 0.016025641025641024 0.012461059190031152 0.012461059190031152 0.0033003300330033004 0.0033003300330033004 0.009615384615384616 0.006600660066006601 0.006600660066006601 0.0033003300330033004 0.0033003300330033004 0.0033003300330033004 0.006600660066006601 0.006535947712418301 0.0033003300330033004 0.00974025974025974 0.006535947712418301 0.006514657980456026 0.0033003300330033004 0.01929260450160772 0.010067114093959731 0.0 0.0 0.0 0.0 0.054380664652567974 0.016666666666666666 0.023178807947019868 0.010033444816053512 0.021806853582554516 0.0033783783783783786 0.003401360544217687 0.019801980198019802 0.010067114093959731 0.009900990099009901 0.0033003300330033004 0.003389830508474576 0.003401360544217687 0.003401360544217687 0.003401360544217687 0.003401360544217687 0.003401360544217687 0.003401360544217687 0.003401360544217687 0.003401360544217687 0.003401360544217687 0.003401360544217687 0.003401360544217687 0.02631578947368421 0.0 0.0 0.0 0.003389830508474576 0.0 0.0 0.0 0.0 0.0 0.0 0.0 0.0 0.0 0.0 0.0 0.0 0.0 0.0 0.0 0.0 0.0 0.0 0.0 0.0 0.0 0.0 0.0 0.0 0.003401360544217687 0.0 0.0 0.0 0.0 0.0 0.0 0.0 0.0 0.0 0.0033783783783783786 0.0 0.0 0.0 0.031545741324921134 0.010067114093959731 0.034161490683229816 0.013289036544850499 0.003401360544217687 0.003401360544217687 0.003389830508474576 0.006644518272425249 0.0 0.0 0.0033783783783783786 0.0 0.006711409395973154 0.0033783783783783786 0.0 0.05539358600583091 0.003389830508474576 0.003389830508474576 0.006711409395973154 0.010101010101010102 0.006756756756756757 0.05056179775280899 0.013114754098360656 0.013245033112582781 0.009966777408637873 0.01607717041800643 0.06875 0.013201320132013201 0.02830188679245283 0.02830188679245283 0.013157894736842105 0.016025641025641024 0.013157894736842105 0.024390243902439025 0.01639344262295082 0.01948051948051948 0.013157894736842105 0.024615384615384615 0.013114754098360656 0.03058103975535168 0.003389830508474576 0.010101010101010102 0.013157894736842105 0.023026315789473683 0.023026315789473683 0.023026315789473683 0.023026315789473683 0.03951367781155015 0.009868421052631578 0.0 0.0 
org.apache.dubbo.rpc.cluster.Directory 0.043478260869565216 0.0 0.2926829268292683 0.15625 0.0 0.15555555555555556 0.23529411764705882 0.03514376996805112 1.0 0.3157894736842105 0.22857142857142856 0.030303030303030304 0.30612244897959184 0.023809523809523808 0.2708333333333333 0.12121212121212122 0.0 0.08955223880597014 0.1388888888888889 0.15625 0.125 0.14285714285714285 0.0 0.0 0.0 0.0 0.0 0.13131313131313133 0.16666666666666666 0.0967741935483871 0.1111111111111111 0.10256410256410256 0.10256410256410256 0.10256410256410256 0.10256410256410256 0.10256410256410256 0.10256410256410256 0.10256410256410256 0.03225806451612903 0.12307692307692308 0.0 0.10144927536231885 0.0 0.0 0.0 0.0 0.0 0.11764705882352941 0.11764705882352941 0.15517241379310345 0.0 0.125 0.125 0.17777777777777778 0.15217391304347827 0.1509433962264151 0.1509433962264151 0.0 0.0 0.13333333333333333 0.17142857142857143 0.17142857142857143 0.14285714285714285 0.14285714285714285 0.14285714285714285 0.17142857142857143 0.15789473684210525 0.14285714285714285 0.14634146341463414 0.15789473684210525 0.15384615384615385 0.14285714285714285 0.019230769230769232 0.0 0.03333333333333333 0.0 0.03125 0.0 0.1038961038961039 0.20588235294117646 0.022727272727272728 0.02702702702702703 0.03225806451612903 0.0 0.0 0.022727272727272728 0.027777777777777776 0.0 0.0 0.0 0.0 0.0 0.0 0.0 0.0 0.0 0.0 0.0 0.0 0.0 0.0 0.14285714285714285 0.0 0.0 0.0 0.0 0.0 0.0 0.02127659574468085 0.0 0.0 0.0 0.0 0.0 0.0 0.0 0.0 0.0 0.0 0.0 0.0 0.0 0.0 0.0 0.0 0.0 0.0 0.0 0.0 0.0 0.0 0.0 0.0 0.0 0.0 0.0 0.0 0.0 0.0 0.0 0.0 0.0 0.0 0.0 0.14545454545454545 0.0 0.13114754098360656 0.20588235294117646 0.0 0.0 0.0 0.02631578947368421 0.024390243902439025 0.024390243902439025 0.0 0.0 0.058823529411764705 0.0 0.0 0.020833333333333332 0.0 0.0 0.0 0.0 0.0 0.1702127659574468 0.25 0.23529411764705882 0.21212121212121213 0.18181818181818182 0.11428571428571428 0.2647058823529412 0.16666666666666666 0.16666666666666666 0.2571428571428571 0.20454545454545456 0.2571428571428571 0.16129032258064516 0.24324324324324326 0.21951219512195122 0.2571428571428571 0.15 0.18421052631578946 0.12307692307692308 0.03225806451612903 0.058823529411764705 0.023255813953488372 0.09302325581395349 0.09302325581395349 0.09302325581395349 0.09302325581395349 0.18181818181818182 0.19444444444444445 0.0 0.0 
org.apache.dubbo.rpc.cluster.LoadBalance 0.05555555555555555 0.0 0.72 0.0 0.0 0.23529411764705882 0.391304347826087 0.016181229773462782 0.3157894736842105 1.0 0.43478260869565216 0.0 0.35 0.0 0.45714285714285713 0.22727272727272727 0.0 0.08620689655172414 0.19230769230769232 0.22727272727272727 0.16666666666666666 0.2 0.0 0.0 0.0 0.0 0.0 0.0967741935483871 0.15384615384615385 0.0 0.0 0.0 0.0 0.0 0.0 0.0 0.0 0.0 0.0 0.06779661016949153 0.0 0.06451612903225806 0.0 0.0 0.0 0.0 0.0 0.0 0.0 0.2127659574468085 0.0 0.15217391304347827 0.15217391304347827 0.2647058823529412 0.22857142857142856 0.21428571428571427 0.21428571428571427 0.0 0.0 0.20588235294117646 0.24 0.24 0.2 0.2 0.2 0.24 0.21428571428571427 0.2 0.23333333333333334 0.21428571428571427 0.20689655172413793 0.2 0.0 0.0 0.0 0.0 0.0 0.0 0.11940298507462686 0.34782608695652173 0.0 0.0 0.0 0.0 0.0 0.0 0.0 0.0 0.0 0.0 0.0 0.0 0.0 0.0 0.0 0.0 0.0 0.0 0.0 0.0 0.0 0.22580645161290322 0.0 0.0 0.0 0.0 0.0 0.0 0.0 0.0 0.0 0.0 0.0 0.0 0.0 0.0 0.0 0.0 0.0 0.0 0.0 0.0 0.0 0.0 0.0 0.0 0.0 0.0 0.0 0.0 0.0 0.0 0.0 0.0 0.0 0.0 0.0 0.0 0.0 0.0 0.0 0.0 0.0 0.0 0.15217391304347827 0.0 0.1568627450980392 0.34782608695652173 0.0 0.0 0.0 0.0 0.0 0.0 0.0 0.0 0.04 0.0 0.0 0.0 0.0 0.0 0.0 0.0 0.0 0.0989010989010989 0.4 0.28 0.30434782608695654 0.2 0.13333333333333333 0.43478260869565216 0.17777777777777778 0.17777777777777778 0.4166666666666667 0.2647058823529412 0.4166666666666667 0.14814814814814814 0.38461538461538464 0.25 0.4166666666666667 0.1346153846153846 0.2962962962962963 0.10526315789473684 0.047619047619047616 0.04 0.030303030303030304 0.0 0.0 0.0 0.0 0.11475409836065574 0.2692307692307692 0.0 0.0 
org.apache.dubbo.rpc.cluster.Merger 0.03333333333333333 0.0 0.38461538461538464 0.0 0.0 0.16666666666666666 0.3157894736842105 0.006557377049180328 0.22857142857142856 0.43478260869565216 1.0 0.0 0.20512820512820512 0.0 0.29411764705882354 0.25 0.0 0.05660377358490566 0.14285714285714285 0.17647058823529413 0.12 0.15 0.0 0.0 0.0 0.0 0.0 0.06741573033707865 0.10416666666666667 0.0 0.0 0.0 0.0 0.0 0.0 0.0 0.0 0.0 0.0 0.037037037037037035 0.0 0.017241379310344827 0.0 0.0 0.0 0.0 0.0 0.0 0.0 0.13636363636363635 0.0 0.12195121951219512 0.12195121951219512 0.16129032258064516 0.16129032258064516 0.1282051282051282 0.1282051282051282 0.0 0.0 0.3076923076923077 0.3333333333333333 0.3333333333333333 0.35294117647058826 0.35294117647058826 0.35294117647058826 0.3333333333333333 0.35 0.35294117647058826 0.36363636363636365 0.2857142857142857 0.3333333333333333 0.35294117647058826 0.0 0.0 0.0 0.0 0.0 0.0 0.07936507936507936 0.2631578947368421 0.0 0.0 0.0 0.0 0.0 0.0 0.0 0.0 0.0 0.0 0.0 0.0 0.0 0.0 0.0 0.0 0.0 0.0 0.0 0.0 0.0 0.19230769230769232 0.0 0.0 0.0 0.0 0.0 0.0 0.0 0.0 0.0 0.0 0.0 0.0 0.0 0.0 0.0 0.0 0.0 0.0 0.0 0.0 0.0 0.0 0.0 0.0 0.0 0.0 0.0 0.0 0.0 0.0 0.0 0.0 0.0 0.0 0.0 0.0 0.0 0.0 0.0 0.0 0.0 0.0 0.12195121951219512 0.0 0.10638297872340426 0.2631578947368421 0.0 0.0 0.0 0.0 0.0 0.0 0.0 0.0 0.0 0.0 0.0 0.0 0.0 0.0 0.0 0.0 0.0 0.08139534883720931 0.21739130434782608 0.25 0.2777777777777778 0.16666666666666666 0.08928571428571429 0.23809523809523808 0.12195121951219512 0.12195121951219512 0.22727272727272727 0.16129032258064516 0.22727272727272727 0.1 0.20833333333333334 0.17857142857142858 0.22727272727272727 0.10638297872340426 0.3333333333333333 0.16666666666666666 0.0 0.0 0.0 0.0 0.0 0.0 0.0 0.10909090909090909 0.23809523809523808 0.0 0.0 
org.apache.dubbo.rpc.cluster.ProviderURLMergeProcessor 0.0 0.0 0.0 0.1 0.0 0.0 0.0 0.003367003367003367 0.030303030303030304 0.0 0.0 1.0 0.0 0.0 0.0 0.0 0.0 0.021739130434782608 0.0 0.0 0.0 0.0 0.0 0.0 0.0 0.0 0.0 0.023809523809523808 0.0 0.0 0.07692307692307693 0.0625 0.0625 0.0625 0.0625 0.0625 0.0625 0.0625 0.2 0.021739130434782608 0.0 0.02040816326530612 0.0 0.0 0.0 0.0 0.0 0.09090909090909091 0.09090909090909091 0.0 0.0 0.0 0.0 0.0 0.0 0.0 0.0 0.0 0.0 0.0 0.0 0.0 0.0 0.0 0.0 0.0 0.0 0.0 0.0 0.0 0.0 0.0 0.0 0.0 0.0 0.0 0.0 0.0 0.0 0.0 0.0 0.0 0.0 0.0 0.0 0.0 0.0 0.0 0.0 0.0 0.0 0.0 0.0 0.0 0.0 0.0 0.0 0.0 0.0 0.0 0.0 0.0 0.0 0.0 0.0 0.0 0.0 0.0 0.0 0.0 0.0 0.0 0.0 0.0 0.0 0.0 0.0 0.0 0.0 0.0 0.0 0.0 0.0 0.0 0.0 0.0 0.0 0.0 0.0 0.0 0.0 0.0 0.0 0.0 0.0 0.0 0.0 0.0 0.0 0.0 0.0 0.0 0.0 0.0 0.0 0.0 0.0 0.0 0.0 0.0 0.0 0.0 0.0 0.0 0.0 0.0 0.0 0.0 0.0 0.0 0.0 0.0 0.0 0.0 0.0 0.012048192771084338 0.0 0.06666666666666667 0.0 0.04 0.061224489795918366 0.0 0.027777777777777776 0.027777777777777776 0.0 0.038461538461538464 0.0 0.022222222222222223 0.0 0.043478260869565216 0.0 0.023809523809523808 0.0 0.021739130434782608 0.2 0.0 0.0 0.05 0.05 0.05 0.05 0.0 0.0 0.0 0.0 
org.apache.dubbo.rpc.cluster.Router 0.061224489795918366 0.05555555555555555 0.29545454545454547 0.0 0.0 0.21739130434782608 0.24324324324324326 0.02821316614420063 0.30612244897959184 0.35 0.20512820512820512 0.0 1.0 0.0975609756097561 0.41304347826086957 0.1388888888888889 0.0 0.08450704225352113 0.125 0.1388888888888889 0.16666666666666666 0.1891891891891892 0.08333333333333333 0.0 0.045454545454545456 0.04878048780487805 0.0 0.13725490196078433 0.2542372881355932 0.0 0.0 0.0 0.0 0.0 0.0 0.0 0.0 0.0 0.0 0.04054054054054054 0.0 0.03896103896103896 0.0 0.0 0.0 0.0 0.0 0.0 0.0 0.2033898305084746 0.0 0.15517241379310345 0.15517241379310345 0.16326530612244897 0.14 0.14035087719298245 0.14035087719298245 0.0 0.0 0.12244897959183673 0.15384615384615385 0.15384615384615385 0.1282051282051282 0.1282051282051282 0.1282051282051282 0.15384615384615385 0.14285714285714285 0.1282051282051282 0.13333333333333333 0.14285714285714285 0.13953488372093023 0.1282051282051282 0.2127659574468085 0.05128205128205128 0.029411764705882353 0.0 0.027777777777777776 0.0 0.2535211267605634 0.21621621621621623 0.11363636363636363 0.05 0.11475409836065574 0.0 0.0 0.11363636363636363 0.05128205128205128 0.06976744186046512 0.07317073170731707 0.0 0.0 0.0 0.0 0.0 0.0 0.0 0.0 0.0 0.0 0.0 0.0 0.20930232558139536 0.0 0.0 0.0 0.0 0.0 0.0 0.0196078431372549 0.0 0.0 0.0 0.0 0.0 0.0 0.0 0.0 0.0 0.0 0.0 0.0 0.0 0.0 0.0 0.0 0.0 0.0 0.0 0.0 0.0 0.0 0.0 0.0 0.0 0.0 0.0 0.0 0.0 0.0 0.0 0.0 0.0 0.0 0.0 0.3137254901960784 0.07894736842105263 0.32727272727272727 0.21621621621621623 0.0 0.0 0.0 0.023809523809523808 0.022222222222222223 0.022222222222222223 0.0 0.0 0.05263157894736842 0.0 0.0 0.12087912087912088 0.0 0.0 0.05263157894736842 0.0 0.0 0.11764705882352941 0.225 0.21052631578947367 0.1891891891891892 0.14285714285714285 0.15492957746478872 0.23684210526315788 0.13559322033898305 0.13559322033898305 0.23076923076923078 0.1875 0.23076923076923078 0.13432835820895522 0.21951219512195122 0.2 0.23076923076923078 0.12307692307692308 0.16666666666666666 0.1 0.02857142857142857 0.05263157894736842 0.02127659574468085 0.0 0.0 0.0 0.0 0.1388888888888889 0.175 0.0 0.0 
org.apache.dubbo.rpc.cluster.RouterChain 0.0136986301369863 0.034482758620689655 0.025974025974025976 0.0 0.034482758620689655 0.012987012987012988 0.0 0.023391812865497075 0.023809523809523808 0.0 0.0 0.0 0.0975609756097561 1.0 0.07407407407407407 0.0 0.05357142857142857 0.020618556701030927 0.0 0.0 0.0 0.0 0.04819277108433735 0.0 0.030303030303030304 0.031746031746031744 0.0 0.104 0.14285714285714285 0.0 0.0 0.0 0.0 0.0 0.0 0.0 0.0 0.0 0.0 0.0 0.0 0.009900990099009901 0.0 0.0 0.0 0.0 0.016666666666666666 0.0 0.0 0.0 0.0 0.011363636363636364 0.011363636363636364 0.0 0.01282051282051282 0.0 0.0 0.0 0.0 0.0 0.0 0.0 0.0 0.0 0.0 0.0 0.0 0.0 0.0 0.029411764705882353 0.0 0.0 0.14492753623188406 0.05 0.017857142857142856 0.017857142857142856 0.03508771929824561 0.017543859649122806 0.12121212121212122 0.03076923076923077 0.05970149253731343 0.06666666666666667 0.08433734939759036 0.0 0.0 0.05970149253731343 0.06779661016949153 0.0967741935483871 0.06451612903225806 0.0 0.0 0.0 0.0 0.0 0.0 0.0 0.0 0.0 0.0 0.0 0.0 0.0136986301369863 0.015151515151515152 0.0 0.0 0.0 0.0 0.015151515151515152 0.04225352112676056 0.017543859649122806 0.0 0.0 0.0 0.0 0.0 0.0 0.0 0.0 0.0 0.0 0.0 0.0 0.0 0.0 0.0 0.0 0.0 0.0 0.0 0.0 0.0 0.0 0.0 0.0 0.0 0.0 0.0 0.0 0.0 0.0 0.0 0.01694915254237288 0.0 0.0 0.1125 0.125 0.10465116279069768 0.015151515151515152 0.0 0.0 0.0 0.1206896551724138 0.15254237288135594 0.15254237288135594 0.03508771929824561 0.017543859649122806 0.08771929824561403 0.03508771929824561 0.03571428571428571 0.13761467889908258 0.03571428571428571 0.0 0.05084745762711865 0.03333333333333333 0.01694915254237288 0.030303030303030304 0.0 0.0 0.0 0.02631578947368421 0.050505050505050504 0.0 0.011363636363636364 0.011363636363636364 0.0 0.0 0.0 0.020833333333333332 0.0 0.013333333333333334 0.0 0.0 0.0 0.03125 0.0 0.01639344262295082 0.014492753623188406 0.057971014492753624 0.057971014492753624 0.057971014492753624 0.057971014492753624 0.04 0.014705882352941176 0.0 0.0 
org.apache.dubbo.rpc.cluster.RouterFactory 0.0425531914893617 0.06060606060606061 0.42105263157894735 0.0 0.0 0.20454545454545456 0.34375 0.0220125786163522 0.2708333333333333 0.45714285714285713 0.29411764705882354 0.0 0.41304347826086957 0.07407407407407407 1.0 0.15151515151515152 0.0 0.08823529411764706 0.13513513513513514 0.15151515151515152 0.12195121951219512 0.1388888888888889 0.05084745762711865 0.0 0.04878048780487805 0.05263157894736842 0.0 0.0970873786407767 0.16393442622950818 0.0 0.0 0.0 0.0 0.0 0.0 0.0 0.0 0.0 0.0 0.05714285714285714 0.0 0.0547945205479452 0.0 0.0 0.0 0.0 0.0 0.0 0.0 0.15254237288135594 0.0 0.12280701754385964 0.12280701754385964 0.2 0.17391304347826086 0.16981132075471697 0.16981132075471697 0.0 0.0 0.15555555555555556 0.16666666666666666 0.16666666666666666 0.1388888888888889 0.1388888888888889 0.1388888888888889 0.16666666666666666 0.15384615384615385 0.1388888888888889 0.17073170731707318 0.15384615384615385 0.15 0.1388888888888889 0.058823529411764705 0.0 0.0 0.0 0.0 0.0 0.14666666666666667 0.2 0.045454545454545456 0.05405405405405406 0.031746031746031744 0.0 0.0 0.045454545454545456 0.05555555555555555 0.04878048780487805 0.05128205128205128 0.0 0.0 0.0 0.0 0.0 0.0 0.0 0.0 0.0 0.0 0.0 0.0 0.13953488372093023 0.0 0.0 0.0 0.0 0.0 0.0 0.0 0.0 0.0 0.0 0.0 0.0 0.0 0.0 0.0 0.0 0.0 0.0 0.0 0.0 0.0 0.0 0.0 0.0 0.0 0.0 0.0 0.0 0.0 0.0 0.0 0.0 0.0 0.0 0.0 0.0 0.0 0.0 0.0 0.0 0.0 0.0 0.14285714285714285 0.11764705882352941 0.16666666666666666 0.2 0.0 0.0 0.0 0.0 0.0 0.0 0.0 0.0 0.027777777777777776 0.030303030303030304 0.0 0.042105263157894736 0.0 0.0 0.027777777777777776 0.0 0.0 0.07766990291262135 0.2777777777777778 0.22857142857142856 0.20588235294117646 0.15217391304347827 0.11267605633802817 0.29411764705882354 0.14285714285714285 0.14285714285714285 0.2857142857142857 0.22727272727272727 0.2857142857142857 0.140625 0.2702702702702703 0.21428571428571427 0.2857142857142857 0.12903225806451613 0.21052631578947367 0.08823529411764706 0.03125 0.027777777777777776 0.022727272727272728 0.0 0.0 0.0 0.0 0.09722222222222222 0.1891891891891892 0.0 0.0 
org.apache.dubbo.rpc.cluster.RuleConverter 0.041666666666666664 0.0 0.15384615384615385 0.0 0.0 0.16 0.35714285714285715 0.010067114093959731 0.12121212121212122 0.22727272727272727 0.25 0.0 0.1388888888888889 0.0 0.15151515151515152 1.0 0.0 0.06382978723404255 0.2 0.2727272727272727 0.15789473684210525 0.21428571428571427 0.0 0.0 0.0 0.0 0.0 0.03488372093023256 0.06818181818181818 0.0 0.0 0.0 0.0 0.0 0.0 0.0 0.0 0.0 0.0 0.041666666666666664 0.0 0.0392156862745098 0.0 0.0 0.0 0.0 0.0 0.0 0.0 0.1 0.0 0.08108108108108109 0.08108108108108109 0.1111111111111111 0.1111111111111111 0.08571428571428572 0.08571428571428572 0.0 0.0 0.16666666666666666 0.2857142857142857 0.2857142857142857 0.21428571428571427 0.21428571428571427 0.21428571428571427 0.2857142857142857 0.23529411764705882 0.21428571428571427 0.2 0.23529411764705882 0.2222222222222222 0.21428571428571427 0.0 0.0 0.0 0.0 0.0 0.0 0.05084745762711865 0.2 0.0 0.0 0.0 0.0 0.0 0.0 0.0 0.0 0.0 0.0 0.0 0.0 0.0 0.0 0.0 0.0 0.0 0.0 0.0 0.0 0.0 0.13636363636363635 0.0 0.0 0.0 0.0 0.0 0.0 0.0 0.0 0.0 0.0 0.0 0.0 0.0 0.0 0.0 0.0 0.0 0.0 0.0 0.0 0.0 0.0 0.0 0.0 0.0 0.0 0.0 0.0 0.0 0.0 0.0 0.0 0.0 0.0 0.0 0.0 0.0 0.0 0.0 0.0 0.0 0.0 0.08108108108108109 0.0 0.06976744186046512 0.2 0.0 0.0 0.0 0.0 0.0 0.0 0.0 0.0 0.0 0.0 0.0 0.0 0.0 0.0 0.0 0.0 0.0 0.04819277108433735 0.15789473684210525 0.1875 0.21428571428571427 0.11538461538461539 0.057692307692307696 0.17647058823529413 0.08108108108108109 0.08108108108108109 0.16666666666666666 0.1111111111111111 0.16666666666666666 0.06521739130434782 0.15 0.125 0.16666666666666666 0.06976744186046512 0.2222222222222222 0.08695652173913043 0.0 0.0 0.0 0.0 0.0 0.0 0.0 0.0784313725490196 0.17647058823529413 0.0 0.0 
org.apache.dubbo.rpc.cluster.SingleRouterChain 0.0 0.0 0.0 0.0 0.0 0.0 0.0 0.0 0.0 0.0 0.0 0.0 0.0 0.05357142857142857 0.0 0.0 1.0 0.0 0.0 0.0 0.0 0.0 0.0 0.0 0.0 0.0 0.0 0.011904761904761904 0.04878048780487805 0.0 0.0 0.0 0.0 0.0 0.0 0.0 0.0 0.0 0.0 0.0 0.0 0.0 0.0 0.0 0.0 0.0 0.0 0.0 0.0 0.0 0.0 0.0 0.0 0.0 0.0 0.0 0.0 0.0 0.0 0.0 0.0 0.0 0.0 0.0 0.0 0.0 0.0 0.0 0.0 0.0 0.0 0.0 0.0 0.0 0.0 0.0 0.0 0.0 0.0 0.0 0.0 0.0 0.0 0.0 0.0 0.0 0.0 0.0 0.0 0.0 0.0 0.0 0.0 0.0 0.0 0.0 0.0 0.0 0.0 0.0 0.0 0.0 0.0 0.0 0.0 0.0 0.0 0.0 0.0 0.0 0.0 0.0 0.0 0.0 0.0 0.0 0.0 0.0 0.0 0.0 0.0 0.0 0.0 0.0 0.0 0.0 0.0 0.0 0.0 0.0 0.0 0.0 0.0 0.0 0.0 0.0 0.0 0.0 0.0 0.0 0.0 0.0 0.0 0.0 0.0 0.0 0.0 0.0 0.0 0.0 0.0 0.09090909090909091 0.07142857142857142 0.07142857142857142 0.0 0.0 0.0 0.0 0.0 0.0 0.0 0.0 0.0 0.0 0.0 0.0 0.0 0.0 0.0 0.0 0.0 0.0 0.0 0.0 0.0 0.0 0.0 0.0 0.0 0.0 0.0 0.0 0.0 0.0 0.0 0.0 0.0 0.0 0.0 0.0 0.0 0.0 0.0 0.0 0.0 
org.apache.dubbo.rpc.cluster.configurator.AbstractConfigurator 0.03389830508474576 0.021739130434782608 0.1 0.02040816326530612 0.0 0.2037037037037037 0.12244897959183673 0.046583850931677016 0.08955223880597014 0.08620689655172414 0.05660377358490566 0.021739130434782608 0.08450704225352113 0.020618556701030927 0.08823529411764706 0.06382978723404255 0.0 1.0 0.2558139534883721 0.16279069767441862 0.2608695652173913 0.15217391304347827 0.13846153846153847 0.046511627906976744 0.057692307692307696 0.08333333333333333 0.046511627906976744 0.06837606837606838 0.09210526315789473 0.0 0.019230769230769232 0.01818181818181818 0.01818181818181818 0.01818181818181818 0.01818181818181818 0.01818181818181818 0.01818181818181818 0.01818181818181818 0.022727272727272728 0.075 0.0 0.05952380952380952 0.0 0.0 0.0 0.04081632653061224 0.02127659574468085 0.02 0.02 0.1111111111111111 0.022222222222222223 0.11764705882352941 0.11764705882352941 0.1 0.11864406779661017 0.1044776119402985 0.1044776119402985 0.019230769230769232 0.019230769230769232 0.0847457627118644 0.10204081632653061 0.10204081632653061 0.08163265306122448 0.08163265306122448 0.08163265306122448 0.10204081632653061 0.09615384615384616 0.08163265306122448 0.09090909090909091 0.07547169811320754 0.09433962264150944 0.08163265306122448 0.015384615384615385 0.02040816326530612 0.0 0.0 0.0 0.0 0.13953488372093023 0.14893617021276595 0.03571428571428571 0.04081632653061224 0.04054054054054054 0.045454545454545456 0.023255813953488372 0.017543859649122806 0.02040816326530612 0.018518518518518517 0.019230769230769232 0.022727272727272728 0.023255813953488372 0.023255813953488372 0.023255813953488372 0.023255813953488372 0.023255813953488372 0.023255813953488372 0.023255813953488372 0.023255813953488372 0.023255813953488372 0.023255813953488372 0.023255813953488372 0.12962962962962962 0.0 0.0 0.0 0.022727272727272728 0.0 0.0 0.0 0.0 0.0 0.0 0.0 0.0 0.0 0.0 0.0 0.0 0.0 0.0 0.0 0.0 0.0 0.0 0.0 0.0 0.0 0.0 0.0 0.0 0.023255813953488372 0.0 0.0 0.0 0.0 0.0 0.0 0.0 0.0 0.0 0.022222222222222223 0.0 0.0 0.0 0.11764705882352941 0.02040816326530612 0.1232876712328767 0.125 0.023255813953488372 0.023255813953488372 0.022727272727272728 0.0196078431372549 0.0 0.0 0.0 0.0 0.020833333333333332 0.0 0.0 0.05714285714285714 0.0 0.046511627906976744 0.020833333333333332 0.020833333333333332 0.021739130434782608 0.08849557522123894 0.11538461538461539 0.12244897959183673 0.1276595744680851 0.14035087719298245 0.1375 0.12 0.16923076923076924 0.16923076923076924 0.11764705882352941 0.13793103448275862 0.11764705882352941 0.14864864864864866 0.11320754716981132 0.125 0.11764705882352941 0.1388888888888889 0.09433962264150944 0.10256410256410256 0.022727272727272728 0.020833333333333332 0.03636363636363636 0.05263157894736842 0.05263157894736842 0.05263157894736842 0.05263157894736842 0.10975609756097561 0.12 0.0 0.0 
org.apache.dubbo.rpc.cluster.configurator.absent.AbsentConfigurator 0.07407407407407407 0.0 0.1724137931034483 0.0 0.0 0.2222222222222222 0.35294117647058826 0.013289036544850499 0.1388888888888889 0.19230769230769232 0.14285714285714285 0.0 0.125 0.0 0.13513513513513514 0.2 0.0 0.2558139534883721 1.0 0.6363636363636364 0.7333333333333333 0.5 0.0 0.0 0.0 0.0 0.0 0.056818181818181816 0.13333333333333333 0.0 0.0 0.0 0.0 0.0 0.0 0.0 0.0 0.0 0.0 0.058823529411764705 0.0 0.05555555555555555 0.0 0.0 0.0 0.05555555555555555 0.0 0.0 0.0 0.14285714285714285 0.0 0.1282051282051282 0.1282051282051282 0.21428571428571427 0.1724137931034483 0.16666666666666666 0.16666666666666666 0.0 0.0 0.18518518518518517 0.29411764705882354 0.29411764705882354 0.23529411764705882 0.23529411764705882 0.23529411764705882 0.29411764705882354 0.25 0.23529411764705882 0.21739130434782608 0.19047619047619047 0.23809523809523808 0.23529411764705882 0.0 0.0 0.0 0.0 0.0 0.0 0.1 0.375 0.0 0.0 0.0 0.0 0.0 0.0 0.0 0.0 0.0 0.0 0.0 0.0 0.0 0.0 0.0 0.0 0.0 0.0 0.0 0.0 0.0 0.20833333333333334 0.0 0.0 0.0 0.0 0.0 0.0 0.0 0.0 0.0 0.0 0.0 0.0 0.0 0.0 0.0 0.0 0.0 0.0 0.0 0.0 0.0 0.0 0.0 0.0 0.0 0.0 0.0 0.0 0.0 0.0 0.0 0.0 0.0 0.0 0.0 0.0 0.0 0.0 0.0 0.0 0.0 0.0 0.1282051282051282 0.0 0.13636363636363635 0.375 0.0 0.0 0.0 0.0 0.0 0.0 0.0 0.0 0.0625 0.0 0.0 0.0 0.0 0.0 0.0 0.0 0.0 0.05813953488372093 0.3 0.2777777777777778 0.4 0.2222222222222222 0.09259259259259259 0.3333333333333333 0.15789473684210525 0.15789473684210525 0.3157894736842105 0.21428571428571427 0.3157894736842105 0.1276595744680851 0.2857142857142857 0.24 0.3157894736842105 0.1111111111111111 0.23809523809523808 0.10204081632653061 0.08333333333333333 0.0625 0.041666666666666664 0.0 0.0 0.0 0.0 0.11320754716981132 0.3333333333333333 0.0 0.0 
org.apache.dubbo.rpc.cluster.configurator.absent.AbsentConfiguratorFactory 0.08695652173913043 0.0 0.2 0.0 0.0 0.2608695652173913 0.46153846153846156 0.013468013468013467 0.15625 0.22727272727272727 0.17647058823529413 0.0 0.1388888888888889 0.0 0.15151515151515152 0.2727272727272727 0.0 0.16279069767441862 0.6363636363636364 1.0 0.4666666666666667 0.7 0.0 0.0 0.0 0.0 0.0 0.05952380952380952 0.14634146341463414 0.0 0.0 0.0 0.0 0.0 0.0 0.0 0.0 0.0 0.0 0.06382978723404255 0.0 0.06 0.0 0.0 0.0 0.0 0.0 0.0 0.0 0.15789473684210525 0.0 0.14285714285714285 0.14285714285714285 0.25 0.2 0.1875 0.1875 0.0 0.0 0.21739130434782608 0.38461538461538464 0.38461538461538464 0.3076923076923077 0.3076923076923077 0.3076923076923077 0.38461538461538464 0.3125 0.3076923076923077 0.2631578947368421 0.23529411764705882 0.29411764705882354 0.3076923076923077 0.0 0.0 0.0 0.0 0.0 0.0 0.10714285714285714 0.5 0.0 0.0 0.0 0.0 0.0 0.0 0.0 0.0 0.0 0.0 0.0 0.0 0.0 0.0 0.0 0.0 0.0 0.0 0.0 0.0 0.0 0.25 0.0 0.0 0.0 0.0 0.0 0.0 0.0 0.0 0.0 0.0 0.0 0.0 0.0 0.0 0.0 0.0 0.0 0.0 0.0 0.0 0.0 0.0 0.0 0.0 0.0 0.0 0.0 0.0 0.0 0.0 0.0 0.0 0.0 0.0 0.0 0.0 0.0 0.0 0.0 0.0 0.0 0.0 0.14285714285714285 0.0 0.15 0.5 0.0 0.0 0.0 0.0 0.0 0.0 0.0 0.0 0.08333333333333333 0.0 0.0 0.0 0.0 0.0 0.0 0.0 0.0 0.06097560975609756 0.375 0.35714285714285715 0.5454545454545454 0.2608695652173913 0.1 0.42857142857142855 0.17647058823529413 0.17647058823529413 0.4 0.25 0.4 0.13953488372093023 0.35294117647058826 0.2857142857142857 0.4 0.12195121951219512 0.29411764705882354 0.1111111111111111 0.125 0.08333333333333333 0.05 0.0 0.0 0.0 0.0 0.12244897959183673 0.42857142857142855 0.0 0.0 
org.apache.dubbo.rpc.cluster.configurator.override.OverrideConfigurator 0.06451612903225806 0.0 0.15151515151515152 0.0 0.0 0.27586206896551724 0.2857142857142857 0.023178807947019868 0.125 0.16666666666666666 0.12 0.0 0.16666666666666666 0.0 0.12195121951219512 0.15789473684210525 0.0 0.2608695652173913 0.7333333333333333 0.4666666666666667 1.0 0.6666666666666666 0.06976744186046512 0.0625 0.038461538461538464 0.043478260869565216 0.0625 0.05434782608695652 0.1702127659574468 0.0 0.0 0.0 0.0 0.0 0.0 0.0 0.0 0.0 0.0 0.05454545454545454 0.0 0.05172413793103448 0.0 0.0 0.0 0.045454545454545456 0.0 0.0 0.0 0.18181818181818182 0.0 0.17073170731707318 0.17073170731707318 0.1875 0.15151515151515152 0.15 0.15 0.0 0.0 0.16129032258064516 0.23809523809523808 0.23809523809523808 0.19047619047619047 0.19047619047619047 0.19047619047619047 0.23809523809523808 0.20833333333333334 0.19047619047619047 0.18518518518518517 0.16 0.2 0.19047619047619047 0.05555555555555555 0.047619047619047616 0.0 0.0 0.0 0.0 0.14754098360655737 0.3 0.07142857142857142 0.0 0.06521739130434782 0.058823529411764705 0.06666666666666667 0.07142857142857142 0.0 0.0 0.0 0.0625 0.06666666666666667 0.06666666666666667 0.06666666666666667 0.06666666666666667 0.06666666666666667 0.06666666666666667 0.06666666666666667 0.06666666666666667 0.06666666666666667 0.06666666666666667 0.06666666666666667 0.2692307692307692 0.0 0.0 0.0 0.0625 0.0 0.0 0.0 0.0 0.0 0.0 0.0 0.0 0.0 0.0 0.0 0.0 0.0 0.0 0.0 0.0 0.0 0.0 0.0 0.0 0.0 0.0 0.0 0.0 0.06666666666666667 0.0 0.0 0.0 0.0 0.0 0.0 0.0 0.0 0.0 0.058823529411764705 0.0 0.0 0.0 0.17073170731707318 0.0 0.17391304347826086 0.3 0.06666666666666667 0.06666666666666667 0.0625 0.043478260869565216 0.0 0.0 0.0 0.0 0.05 0.0 0.0 0.0375 0.0 0.0625 0.05 0.05 0.05555555555555555 0.07954545454545454 0.25 0.22727272727272727 0.3157894736842105 0.1935483870967742 0.125 0.2727272727272727 0.14285714285714285 0.14285714285714285 0.2608695652173913 0.1875 0.2608695652173913 0.11764705882352941 0.24 0.20689655172413793 0.2608695652173913 0.10204081632653061 0.2 0.09433962264150944 0.0625 0.05 0.03571428571428571 0.0 0.0 0.0 0.0 0.14545454545454545 0.2727272727272727 0.0 0.0 
