net.javageom.geom2d.AffineTransform2D 1.0 0.38461538461538464 0.3728813559322034 0.08333333333333333 0.08823529411764706 0.08571428571428572 0.3225806451612903 0.35 0.18604651162790697 0.08108108108108109 0.05555555555555555 0.08333333333333333 0.4 0.07547169811320754 0.08108108108108109 0.075 0.08333333333333333 0.07692307692307693 0.06521739130434782 0.08108108108108109 0.06976744186046512 0.09523809523809523 0.06451612903225806 0.08108108108108109 0.06976744186046512 0.08108108108108109 0.09090909090909091 0.1111111111111111 0.09523809523809523 0.08695652173913043 0.08571428571428572 0.08823529411764706 0.08163265306122448 0.08571428571428572 0.06666666666666667 0.08333333333333333 0.05714285714285714 0.05555555555555555 0.08333333333333333 0.08333333333333333 0.07894736842105263 0.08333333333333333 0.08333333333333333 0.2631578947368421 0.2835820895522388 0.07692307692307693 0.23076923076923078 0.23076923076923078 0.2826086956521739 0.2826086956521739 0.2826086956521739 0.2857142857142857 0.2361111111111111 0.05714285714285714 0.05714285714285714 0.3584905660377358 0.22857142857142856 0.24242424242424243 0.3142857142857143 0.28125 0.15555555555555556 0.1794871794871795 0.25 0.375 0.18 0.22641509433962265 0.12 0.12 0.23684210526315788 0.26666666666666666 0.2702702702702703 0.125 0.2127659574468085 0.18 0.2 0.07692307692307693 0.15 0.24390243902439024 0.06 0.05555555555555555 0.22448979591836735 0.21951219512195122 0.17543859649122806 0.07894736842105263 0.16666666666666666 0.13513513513513514 0.1794871794871795 0.28205128205128205 0.2923076923076923 0.05405405405405406 0.34 0.19298245614035087 0.35714285714285715 0.3392857142857143 0.05555555555555555 0.1794871794871795 0.4117647058823529 0.3235294117647059 0.10526315789473684 0.10526315789473684 0.10526315789473684 0.10526315789473684 0.10526315789473684 0.2608695652173913 0.2608695652173913 0.07317073170731707 0.07894736842105263 0.18518518518518517 0.06666666666666667 0.11864406779661017 0.18840579710144928 0.14035087719298245 0.13333333333333333 0.2328767123287671 0.10416666666666667 0.18333333333333332 0.18181818181818182 0.05555555555555555 0.1111111111111111 0.1111111111111111 0.10526315789473684 0.16 0.23684210526315788 0.23684210526315788 0.23684210526315788 0.23684210526315788 0.23684210526315788 0.23684210526315788 0.23684210526315788 0.23684210526315788 0.23684210526315788 0.06976744186046512 0.16666666666666666 0.14285714285714285 0.29545454545454547 0.14705882352941177 0.14705882352941177 0.14705882352941177 0.20588235294117646 0.11764705882352941 0.11764705882352941 0.14705882352941177 0.08823529411764706 0.11764705882352941 0.08333333333333333 0.12195121951219512 0.10810810810810811 0.13157894736842105 0.1282051282051282 0.08571428571428572 0.11428571428571428 0.11428571428571428 0.10526315789473684 0.1111111111111111 0.15384615384615385 0.1111111111111111 0.14285714285714285 0.08571428571428572 0.11428571428571428 
net.javageom.geom2d.Angle2D 0.38461538461538464 1.0 0.28846153846153844 0.08695652173913043 0.15 0.09090909090909091 0.23636363636363636 0.3793103448275862 0.23333333333333334 0.13043478260869565 0.09090909090909091 0.13636363636363635 0.3611111111111111 0.10256410256410256 0.13043478260869565 0.11538461538461539 0.13636363636363635 0.12 0.12903225806451613 0.13043478260869565 0.10344827586206896 0.14285714285714285 0.08333333333333333 0.13043478260869565 0.10344827586206896 0.13043478260869565 0.13333333333333333 0.13043478260869565 0.14285714285714285 0.125 0.09090909090909091 0.09523809523809523 0.11428571428571428 0.14285714285714285 0.13333333333333333 0.13636363636363635 0.09523809523809523 0.09090909090909091 0.13636363636363635 0.13636363636363635 0.125 0.13636363636363635 0.13636363636363635 0.18840579710144928 0.2413793103448276 0.12 0.25925925925925924 0.25925925925925924 0.25 0.25 0.25 0.189873417721519 0.22950819672131148 0.09523809523809523 0.09523809523809523 0.2608695652173913 0.18032786885245902 0.19298245614035087 0.18181818181818182 0.19298245614035087 0.11764705882352941 0.18518518518518517 0.3333333333333333 0.3 0.18421052631578946 0.21428571428571427 0.16666666666666666 0.16666666666666666 0.32 0.19230769230769232 0.32 0.13953488372093023 0.2647058823529412 0.18421052631578946 0.2727272727272727 0.12 0.14583333333333334 0.32142857142857145 0.11428571428571428 0.09090909090909091 0.24324324324324326 0.2857142857142857 0.17777777777777778 0.125 0.21739130434782608 0.21739130434782608 0.18518518518518517 0.2413793103448276 0.20689655172413793 0.08695652173913043 0.20454545454545456 0.14893617021276595 0.21568627450980393 0.2708333333333333 0.09090909090909091 0.23076923076923078 0.2608695652173913 0.20634920634920634 0.12 0.12 0.12 0.12 0.12 0.2222222222222222 0.29411764705882354 0.1111111111111111 0.125 0.21951219512195122 0.0967741935483871 0.10638297872340426 0.1724137931034483 0.1590909090909091 0.14893617021276595 0.1875 0.14705882352941177 0.1875 0.16363636363636364 0.14285714285714285 0.18181818181818182 0.18181818181818182 0.16666666666666666 0.15789473684210525 0.32 0.32 0.32 0.32 0.32 0.32 0.32 0.32 0.32 0.10344827586206896 0.16666666666666666 0.23809523809523808 0.2647058823529412 0.25 0.25 0.25 0.2857142857142857 0.2 0.2 0.25 0.15 0.2 0.13636363636363635 0.18518518518518517 0.17391304347826086 0.20833333333333334 0.15384615384615385 0.14285714285714285 0.19047619047619047 0.19047619047619047 0.16666666666666666 0.18181818181818182 0.24 0.18181818181818182 0.23809523809523808 0.14285714285714285 0.19047619047619047 
net.javageom.geom2d.Box2D 0.3728813559322034 0.28846153846153844 1.0 0.061224489795918366 0.06382978723404255 0.0625 0.3380281690140845 0.28846153846153844 0.18518518518518517 0.06 0.0625 0.08333333333333333 0.35714285714285715 0.12903225806451613 0.10416666666666667 0.09803921568627451 0.061224489795918366 0.0784313725490196 0.10714285714285714 0.08163265306122448 0.09259259259259259 0.11320754716981132 0.12857142857142856 0.10416666666666667 0.09259259259259259 0.08163265306122448 0.08928571428571429 0.10416666666666667 0.18 0.125 0.0625 0.06382978723404255 0.13793103448275862 0.0625 0.10909090909090909 0.08333333333333333 0.041666666666666664 0.04081632653061224 0.061224489795918366 0.08333333333333333 0.08 0.061224489795918366 0.061224489795918366 0.32926829268292684 0.375 0.1 0.19607843137254902 0.19607843137254902 0.2631578947368421 0.2631578947368421 0.2631578947368421 0.375 0.4166666666666667 0.041666666666666664 0.041666666666666664 0.4166666666666667 0.4142857142857143 0.417910447761194 0.4 0.417910447761194 0.14035087719298245 0.1346153846153846 0.21153846153846154 0.29508196721311475 0.2 0.2786885245901639 0.11290322580645161 0.11290322580645161 0.2 0.3088235294117647 0.2 0.22580645161290322 0.20689655172413793 0.22033898305084745 0.1702127659574468 0.0784313725490196 0.24242424242424243 0.2549019607843137 0.15789473684210525 0.0625 0.37735849056603776 0.18867924528301888 0.25 0.10204081632653061 0.1702127659574468 0.12244897959183673 0.1346153846153846 0.18867924528301888 0.27631578947368424 0.04 0.3559322033898305 0.22727272727272727 0.4126984126984127 0.375 0.04081632653061224 0.1568627450980392 0.3709677419354839 0.32051282051282054 0.1 0.1 0.1 0.1 0.1 0.2033898305084746 0.24561403508771928 0.07547169811320754 0.058823529411764705 0.3050847457627119 0.08928571428571429 0.14492753623188406 0.3380281690140845 0.25806451612903225 0.22727272727272727 0.3037974683544304 0.13793103448275862 0.3333333333333333 0.28169014084507044 0.04081632653061224 0.08163265306122448 0.08163265306122448 0.0784313725490196 0.18333333333333332 0.2 0.2 0.2 0.2 0.2 0.2 0.2 0.2 0.2 0.11320754716981132 0.1896551724137931 0.10416666666666667 0.2727272727272727 0.10638297872340426 0.10638297872340426 0.10638297872340426 0.125 0.0851063829787234 0.0851063829787234 0.10638297872340426 0.06382978723404255 0.0851063829787234 0.08333333333333333 0.11320754716981132 0.10204081632653061 0.12 0.11764705882352941 0.0625 0.08333333333333333 0.08333333333333333 0.1 0.08163265306122448 0.11538461538461539 0.08163265306122448 0.10416666666666667 0.0625 0.08333333333333333 
net.javageom.geom2d.ColinearPoints2DException 0.08333333333333333 0.08695652173913043 0.061224489795918366 1.0 0.3333333333333333 0.8 0.0392156862745098 0.08695652173913043 0.1 0.2222222222222222 0.5 0.6666666666666666 0.0625 0.07692307692307693 0.2222222222222222 0.16666666666666666 0.25 0.18181818181818182 0.1111111111111111 0.375 0.13333333333333333 0.13333333333333333 0.08823529411764706 0.2222222222222222 0.13333333333333333 0.2222222222222222 0.11764705882352941 0.2222222222222222 0.13333333333333333 0.10526315789473684 0.5 0.6 0.14285714285714285 0.2857142857142857 0.11764705882352941 0.25 0.3333333333333333 0.2857142857142857 0.25 0.25 0.2 0.25 0.25 0.046875 0.03636363636363636 0.18181818181818182 0.11764705882352941 0.11764705882352941 0.07142857142857142 0.07142857142857142 0.07142857142857142 0.025974025974025976 0.034482758620689655 0.3333333333333333 0.3333333333333333 0.075 0.05555555555555555 0.06 0.05 0.06 0.15 0.13333333333333333 0.10526315789473684 0.05714285714285714 0.07142857142857142 0.058823529411764705 0.08 0.08 0.125 0.06818181818181818 0.125 0.0967741935483871 0.07692307692307693 0.07142857142857142 0.18181818181818182 0.18181818181818182 0.05263157894736842 0.1 0.09090909090909091 0.2857142857142857 0.06896551724137931 0.10526315789473684 0.08571428571428572 0.2 0.18181818181818182 0.18181818181818182 0.13333333333333333 0.10526315789473684 0.057692307692307696 0.42857142857142855 0.08571428571428572 0.05405405405405406 0.06818181818181818 0.045454545454545456 0.2857142857142857 0.13333333333333333 0.075 0.05172413793103448 0.18181818181818182 0.18181818181818182 0.18181818181818182 0.18181818181818182 0.18181818181818182 0.07407407407407407 0.07407407407407407 0.15384615384615385 0.2 0.06060606060606061 0.11764705882352941 0.08823529411764706 0.0392156862745098 0.058823529411764705 0.08333333333333333 0.03389830508474576 0.09090909090909091 0.05 0.0425531914893617 0.2857142857142857 0.2222222222222222 0.2222222222222222 0.18181818181818182 0.07407407407407407 0.125 0.125 0.125 0.125 0.125 0.125 0.125 0.125 0.125 0.13333333333333333 0.08 0.2222222222222222 0.07692307692307693 0.25 0.25 0.25 0.2 0.2857142857142857 0.2857142857142857 0.25 0.3333333333333333 0.2857142857142857 0.25 0.13333333333333333 0.2 0.16666666666666666 0.15384615384615385 0.2857142857142857 0.25 0.25 0.18181818181818182 0.2222222222222222 0.14285714285714285 0.2222222222222222 0.2222222222222222 0.2857142857142857 0.25 
net.javageom.geom2d.GeometricObject2D 0.08823529411764706 0.15 0.06382978723404255 0.3333333333333333 1.0 0.4 0.0625 0.15 0.17647058823529413 0.2857142857142857 0.4 0.3333333333333333 0.10344827586206896 0.08333333333333333 0.2857142857142857 0.2 0.3333333333333333 0.2222222222222222 0.125 0.2857142857142857 0.15384615384615385 0.15384615384615385 0.09375 0.2857142857142857 0.15384615384615385 0.2857142857142857 0.13333333333333333 0.2857142857142857 0.15384615384615385 0.11764705882352941 0.4 0.5 0.1 0.4 0.13333333333333333 0.3333333333333333 0.5 0.4 0.3333333333333333 0.3333333333333333 0.25 0.3333333333333333 0.3333333333333333 0.04838709677419355 0.057692307692307696 0.2222222222222222 0.13333333333333333 0.13333333333333333 0.07692307692307693 0.07692307692307693 0.07692307692307693 0.04054054054054054 0.05454545454545454 0.5 0.5 0.07894736842105263 0.057692307692307696 0.0625 0.05172413793103448 0.0625 0.10526315789473684 0.15384615384615385 0.11764705882352941 0.06060606060606061 0.12 0.0625 0.08695652173913043 0.08695652173913043 0.14285714285714285 0.046511627906976744 0.14285714285714285 0.06666666666666667 0.08333333333333333 0.07692307692307693 0.2222222222222222 0.2222222222222222 0.05555555555555555 0.1111111111111111 0.1 0.4 0.11538461538461539 0.11764705882352941 0.058823529411764705 0.25 0.2222222222222222 0.2222222222222222 0.15384615384615385 0.11764705882352941 0.0392156862745098 0.3333333333333333 0.09090909090909091 0.08823529411764706 0.07142857142857142 0.07317073170731707 0.4 0.15384615384615385 0.07894736842105263 0.05357142857142857 0.2222222222222222 0.2222222222222222 0.2222222222222222 0.2222222222222222 0.2222222222222222 0.125 0.08 0.18181818181818182 0.25 0.1 0.13333333333333333 0.06060606060606061 0.0625 0.0625 0.05714285714285714 0.05357142857142857 0.1 0.08108108108108109 0.06818181818181818 0.4 0.2857142857142857 0.2857142857142857 0.2222222222222222 0.125 0.14285714285714285 0.14285714285714285 0.14285714285714285 0.14285714285714285 0.14285714285714285 0.14285714285714285 0.14285714285714285 0.14285714285714285 0.14285714285714285 0.15384615384615385 0.13636363636363635 0.2857142857142857 0.08333333333333333 0.3333333333333333 0.3333333333333333 0.3333333333333333 0.25 0.4 0.4 0.3333333333333333 0.5 0.4 0.3333333333333333 0.15384615384615385 0.25 0.2 0.18181818181818182 0.4 0.3333333333333333 0.3333333333333333 0.2222222222222222 0.2857142857142857 0.16666666666666666 0.2857142857142857 0.2857142857142857 0.4 0.3333333333333333 
net.javageom.geom2d.NonInvertibleTransform2DException 0.08571428571428572 0.09090909090909091 0.0625 0.8 0.4 1.0 0.04 0.09090909090909091 0.10526315789473684 0.25 0.6 0.8 0.06451612903225806 0.08 0.25 0.18181818181818182 0.2857142857142857 0.2 0.11764705882352941 0.25 0.14285714285714285 0.14285714285714285 0.058823529411764705 0.25 0.14285714285714285 0.25 0.125 0.25 0.14285714285714285 0.1111111111111111 0.6 0.75 0.09523809523809523 0.3333333333333333 0.125 0.2857142857142857 0.4 0.3333333333333333 0.2857142857142857 0.2857142857142857 0.2222222222222222 0.2857142857142857 0.2857142857142857 0.047619047619047616 0.037037037037037035 0.2 0.125 0.125 0.07407407407407407 0.07407407407407407 0.07407407407407407 0.02631578947368421 0.03508771929824561 0.4 0.4 0.07692307692307693 0.05660377358490566 0.061224489795918366 0.05084745762711865 0.061224489795918366 0.15789473684210525 0.14285714285714285 0.1111111111111111 0.058823529411764705 0.07407407407407407 0.06060606060606061 0.08333333333333333 0.08333333333333333 0.13333333333333333 0.045454545454545456 0.13333333333333333 0.1 0.08 0.07407407407407407 0.2 0.2 0.05405405405405406 0.10526315789473684 0.09523809523809523 0.3333333333333333 0.07142857142857142 0.1111111111111111 0.05714285714285714 0.2222222222222222 0.2 0.2 0.14285714285714285 0.1111111111111111 0.038461538461538464 0.2857142857142857 0.08823529411764706 0.05555555555555555 0.06976744186046512 0.046511627906976744 0.3333333333333333 0.14285714285714285 0.07692307692307693 0.05263157894736842 0.2 0.2 0.2 0.2 0.2 0.07692307692307693 0.07692307692307693 0.16666666666666666 0.2222222222222222 0.0625 0.125 0.058823529411764705 0.04 0.06060606060606061 0.08571428571428572 0.034482758620689655 0.09523809523809523 0.05128205128205128 0.043478260869565216 0.3333333333333333 0.25 0.25 0.2 0.07692307692307693 0.13333333333333333 0.13333333333333333 0.13333333333333333 0.13333333333333333 0.13333333333333333 0.13333333333333333 0.13333333333333333 0.13333333333333333 0.13333333333333333 0.14285714285714285 0.08333333333333333 0.25 0.08 0.2857142857142857 0.2857142857142857 0.2857142857142857 0.2222222222222222 0.3333333333333333 0.3333333333333333 0.2857142857142857 0.4 0.3333333333333333 0.2857142857142857 0.14285714285714285 0.2222222222222222 0.18181818181818182 0.16666666666666666 0.3333333333333333 0.2857142857142857 0.2857142857142857 0.2 0.25 0.15384615384615385 0.25 0.25 0.3333333333333333 0.2857142857142857 
net.javageom.geom2d.Point2D 0.3225806451612903 0.23636363636363636 0.3380281690140845 0.0392156862745098 0.0625 0.04 1.0 0.3333333333333333 0.25 0.10204081632653061 0.04 0.0392156862745098 0.4 0.12698412698412698 0.08 0.09615384615384616 0.06 0.07692307692307693 0.06779661016949153 0.08 0.07142857142857142 0.1320754716981132 0.1111111111111111 0.08 0.1111111111111111 0.08 0.10714285714285714 0.10204081632653061 0.1111111111111111 0.12280701754385964 0.04 0.04081632653061224 0.13559322033898305 0.061224489795918366 0.06896551724137931 0.08163265306122448 0.04081632653061224 0.04 0.06 0.08163265306122448 0.057692307692307696 0.08163265306122448 0.08163265306122448 0.35802469135802467 0.3698630136986301 0.09803921568627451 0.19230769230769232 0.19230769230769232 0.2807017543859649 0.2807017543859649 0.2807017543859649 0.34065934065934067 0.32051282051282054 0.04081632653061224 0.04081632653061224 0.30303030303030304 0.3157894736842105 0.3333333333333333 0.30864197530864196 0.28 0.15789473684210525 0.1320754716981132 0.20754716981132076 0.3114754098360656 0.19672131147540983 0.19696969696969696 0.09375 0.09375 0.19607843137254902 0.2676056338028169 0.17307692307692307 0.11594202898550725 0.22413793103448276 0.21666666666666667 0.14285714285714285 0.05660377358490566 0.1527777777777778 0.2037037037037037 0.06349206349206349 0.04 0.2542372881355932 0.18518518518518517 0.19117647058823528 0.0784313725490196 0.12 0.14285714285714285 0.15384615384615385 0.20754716981132076 0.2894736842105263 0.0392156862745098 0.35 0.30158730158730157 0.3235294117647059 0.390625 0.04 0.1320754716981132 0.36507936507936506 0.35064935064935066 0.12 0.12 0.12 0.12 0.12 0.2857142857142857 0.3090909090909091 0.07407407407407407 0.14583333333333334 0.21875 0.06896551724137931 0.14285714285714285 0.23076923076923078 0.1791044776119403 0.1232876712328767 0.3 0.13559322033898305 0.21428571428571427 0.21052631578947367 0.04 0.08 0.08 0.07692307692307693 0.22033898305084745 0.19607843137254902 0.19607843137254902 0.19607843137254902 0.19607843137254902 0.19607843137254902 0.19607843137254902 0.19607843137254902 0.19607843137254902 0.19607843137254902 0.1111111111111111 0.22807017543859648 0.10204081632653061 0.2909090909090909 0.10416666666666667 0.10416666666666667 0.10416666666666667 0.14583333333333334 0.08333333333333333 0.08333333333333333 0.10416666666666667 0.0625 0.08333333333333333 0.08163265306122448 0.1320754716981132 0.1 0.11764705882352941 0.11538461538461539 0.061224489795918366 0.08163265306122448 0.08163265306122448 0.07692307692307693 0.08 0.1346153846153846 0.10204081632653061 0.10204081632653061 0.061224489795918366 0.08163265306122448 
net.javageom.geom2d.Shape2D 0.35 0.3793103448275862 0.28846153846153844 0.08695652173913043 0.15 0.09090909090909091 0.3333333333333333 1.0 0.23333333333333334 0.13043478260869565 0.09090909090909091 0.08695652173913043 0.2894736842105263 0.075 0.13043478260869565 0.11538461538461539 0.13636363636363635 0.12 0.09375 0.13043478260869565 0.10344827586206896 0.10344827586206896 0.08333333333333333 0.13043478260869565 0.10344827586206896 0.13043478260869565 0.0967741935483871 0.18181818181818182 0.10344827586206896 0.09090909090909091 0.09090909090909091 0.09523809523809523 0.08333333333333333 0.14285714285714285 0.0967741935483871 0.13636363636363635 0.09523809523809523 0.09090909090909091 0.13636363636363635 0.13636363636363635 0.125 0.13636363636363635 0.13636363636363635 0.22388059701492538 0.2631578947368421 0.12 0.4782608695652174 0.4782608695652174 0.3235294117647059 0.3235294117647059 0.3235294117647059 0.22077922077922077 0.25 0.09523809523809523 0.09523809523809523 0.28888888888888886 0.2413793103448276 0.25925925925925924 0.25806451612903225 0.2830188679245283 0.08571428571428572 0.14285714285714285 0.38461538461538464 0.4444444444444444 0.18421052631578946 0.275 0.13513513513513514 0.13513513513513514 0.32 0.24 0.375 0.16666666666666666 0.34375 0.25 0.3333333333333333 0.12 0.1702127659574468 0.37037037037037035 0.08333333333333333 0.09090909090909091 0.3939393939393939 0.3333333333333333 0.20454545454545456 0.125 0.2727272727272727 0.21739130434782608 0.18518518518518517 0.2 0.22807017543859648 0.08695652173913043 0.2619047619047619 0.17391304347826086 0.2653061224489796 0.2978723404255319 0.09090909090909091 0.23076923076923078 0.28888888888888886 0.26666666666666666 0.12 0.12 0.12 0.12 0.12 0.2222222222222222 0.375 0.1111111111111111 0.125 0.3157894736842105 0.0967741935483871 0.08333333333333333 0.23636363636363636 0.275 0.14893617021276595 0.22580645161290322 0.14705882352941177 0.29545454545454547 0.20754716981132076 0.09090909090909091 0.13043478260869565 0.13043478260869565 0.12 0.15789473684210525 0.32 0.32 0.32 0.32 0.32 0.32 0.32 0.32 0.32 0.10344827586206896 0.16666666666666666 0.23809523809523808 0.22857142857142856 0.25 0.25 0.25 0.2857142857142857 0.2 0.2 0.19047619047619047 0.15 0.2 0.13636363636363635 0.18518518518518517 0.17391304347826086 0.20833333333333334 0.15384615384615385 0.14285714285714285 0.19047619047619047 0.19047619047619047 0.16666666666666666 0.18181818181818182 0.24 0.18181818181818182 0.23809523809523808 0.09090909090909091 0.19047619047619047 
net.javageom.geom2d.ShapeArray2D 0.18604651162790697 0.23333333333333334 0.18518518518518517 0.1 0.17647058823529413 0.10526315789473684 0.25 0.23333333333333334 1.0 0.35294117647058826 0.10526315789473684 0.1 0.24324324324324326 0.21212121212121213 0.15 0.13043478260869565 0.15789473684210525 0.13636363636363635 0.23076923076923078 0.15 0.2608695652173913 0.16 0.16666666666666666 0.15 0.16 0.15 0.10714285714285714 0.15 0.11538461538461539 0.17857142857142858 0.10526315789473684 0.1111111111111111 0.2413793103448276 0.16666666666666666 0.14814814814814814 0.15789473684210525 0.1111111111111111 0.10526315789473684 0.15789473684210525 0.15789473684210525 0.14285714285714285 0.15789473684210525 0.15789473684210525 0.16176470588235295 0.1896551724137931 0.19047619047619047 0.10714285714285714 0.10714285714285714 0.2 0.2 0.2 0.1518987341772152 0.16129032258064516 0.1111111111111111 0.1111111111111111 0.2222222222222222 0.1896551724137931 0.2037037037037037 0.171875 0.2037037037037037 0.16666666666666666 0.20833333333333334 0.13793103448275862 0.13953488372093023 0.5 0.14285714285714285 0.14705882352941177 0.14705882352941177 0.25 0.2553191489361702 0.15384615384615385 0.12195121951219512 0.1111111111111111 0.2 0.13636363636363635 0.13636363636363635 0.20930232558139536 0.0967741935483871 0.2413793103448276 0.10526315789473684 0.19444444444444445 0.13793103448275862 0.25 0.14285714285714285 0.13636363636363635 0.13636363636363635 0.16 0.2222222222222222 0.13559322033898305 0.1 0.16279069767441862 0.21428571428571427 0.1568627450980392 0.16 0.10526315789473684 0.11538461538461539 0.14583333333333334 0.12307692307692308 0.19047619047619047 0.19047619047619047 0.19047619047619047 0.19047619047619047 0.19047619047619047 0.5185185185185185 0.1388888888888889 0.17391304347826086 0.2 0.14634146341463414 0.14814814814814814 0.16666666666666666 0.16071428571428573 0.06666666666666667 0.10869565217391304 0.15873015873015872 0.16129032258064516 0.125 0.17307692307692307 0.10526315789473684 0.21052631578947367 0.21052631578947367 0.19047619047619047 0.3225806451612903 0.25 0.25 0.25 0.25 0.25 0.25 0.25 0.25 0.25 0.20833333333333334 0.3448275862068966 0.09523809523809523 0.17647058823529413 0.1 0.1 0.1 0.14285714285714285 0.10526315789473684 0.10526315789473684 0.1 0.1111111111111111 0.10526315789473684 0.1 0.11538461538461539 0.14285714285714285 0.13043478260869565 0.125 0.10526315789473684 0.15789473684210525 0.15789473684210525 0.13636363636363635 0.15 0.12 0.09523809523809523 0.15 0.10526315789473684 0.1 
net.javageom.geom2d.ShapeSet2D 0.08108108108108109 0.13043478260869565 0.06 0.2222222222222222 0.2857142857142857 0.25 0.10204081632653061 0.13043478260869565 0.35294117647058826 1.0 0.25 0.2222222222222222 0.06060606060606061 0.11538461538461539 0.2 0.15384615384615385 0.2222222222222222 0.16666666666666666 0.16666666666666666 0.2 0.2 0.125 0.08571428571428572 0.2 0.2 0.2 0.1111111111111111 0.2 0.125 0.15789473684210525 0.25 0.2857142857142857 0.13636363636363635 0.25 0.17647058823529413 0.2222222222222222 0.2857142857142857 0.25 0.2222222222222222 0.2222222222222222 0.18181818181818182 0.2222222222222222 0.2222222222222222 0.046153846153846156 0.05454545454545454 0.16666666666666666 0.1111111111111111 0.1111111111111111 0.10714285714285714 0.10714285714285714 0.10714285714285714 0.05263157894736842 0.05172413793103448 0.2857142857142857 0.2857142857142857 0.07317073170731707 0.05454545454545454 0.058823529411764705 0.04918032786885246 0.058823529411764705 0.09090909090909091 0.2 0.15789473684210525 0.08571428571428572 0.14814814814814814 0.15625 0.12 0.12 0.11764705882352941 0.09090909090909091 0.1875 0.09375 0.07407407407407407 0.10714285714285714 0.16666666666666666 0.16666666666666666 0.07894736842105263 0.09523809523809523 0.13636363636363635 0.25 0.06666666666666667 0.1 0.08333333333333333 0.18181818181818182 0.16666666666666666 0.16666666666666666 0.125 0.1 0.05660377358490566 0.2222222222222222 0.05405405405405406 0.08108108108108109 0.043478260869565216 0.044444444444444446 0.25 0.125 0.047619047619047616 0.03333333333333333 0.16666666666666666 0.16666666666666666 0.16666666666666666 0.16666666666666666 0.16666666666666666 0.2 0.1111111111111111 0.14285714285714285 0.3 0.058823529411764705 0.1111111111111111 0.05555555555555555 0.038461538461538464 0.05714285714285714 0.05263157894736842 0.05084745762711865 0.13636363636363635 0.04878048780487805 0.041666666666666664 0.25 0.2 0.2 0.16666666666666666 0.1111111111111111 0.11764705882352941 0.11764705882352941 0.11764705882352941 0.11764705882352941 0.11764705882352941 0.11764705882352941 0.11764705882352941 0.11764705882352941 0.11764705882352941 0.2 0.12 0.2 0.07407407407407407 0.2222222222222222 0.2222222222222222 0.2222222222222222 0.18181818181818182 0.25 0.25 0.2222222222222222 0.2857142857142857 0.25 0.2222222222222222 0.125 0.18181818181818182 0.15384615384615385 0.14285714285714285 0.25 0.2222222222222222 0.2222222222222222 0.16666666666666666 0.2 0.13333333333333333 0.2 0.2 0.25 0.2222222222222222 
net.javageom.geom2d.UnboundedBox2DException 0.05555555555555555 0.09090909090909091 0.0625 0.5 0.4 0.6 0.04 0.09090909090909091 0.10526315789473684 0.25 1.0 0.5 0.06451612903225806 0.08 0.25 0.18181818181818182 0.2857142857142857 0.2 0.11764705882352941 0.25 0.14285714285714285 0.14285714285714285 0.058823529411764705 0.25 0.14285714285714285 0.25 0.125 0.25 0.14285714285714285 0.1111111111111111 0.3333333333333333 0.4 0.09523809523809523 0.3333333333333333 0.125 0.2857142857142857 0.4 0.3333333333333333 0.2857142857142857 0.2857142857142857 0.2222222222222222 0.2857142857142857 0.2857142857142857 0.03125 0.037037037037037035 0.2 0.125 0.125 0.07407407407407407 0.07407407407407407 0.07407407407407407 0.02631578947368421 0.03508771929824561 0.4 0.4 0.05 0.037037037037037035 0.04 0.03333333333333333 0.04 0.1 0.14285714285714285 0.1111111111111111 0.058823529411764705 0.07407407407407407 0.06060606060606061 0.08333333333333333 0.08333333333333333 0.13333333333333333 0.045454545454545456 0.13333333333333333 0.1 0.08 0.07407407407407407 0.2 0.2 0.05405405405405406 0.10526315789473684 0.09523809523809523 0.3333333333333333 0.07142857142857142 0.1111111111111111 0.05714285714285714 0.2222222222222222 0.2 0.2 0.14285714285714285 0.1111111111111111 0.038461538461538464 0.2857142857142857 0.05714285714285714 0.05555555555555555 0.045454545454545456 0.046511627906976744 0.3333333333333333 0.14285714285714285 0.05 0.034482758620689655 0.2 0.2 0.2 0.2 0.2 0.07692307692307693 0.07692307692307693 0.16666666666666666 0.2222222222222222 0.0625 0.125 0.058823529411764705 0.04 0.06060606060606061 0.08571428571428572 0.034482758620689655 0.09523809523809523 0.05128205128205128 0.043478260869565216 0.3333333333333333 0.25 0.25 0.2 0.07692307692307693 0.13333333333333333 0.13333333333333333 0.13333333333333333 0.13333333333333333 0.13333333333333333 0.13333333333333333 0.13333333333333333 0.13333333333333333 0.13333333333333333 0.14285714285714285 0.08333333333333333 0.25 0.125 0.2857142857142857 0.2857142857142857 0.2857142857142857 0.2222222222222222 0.3333333333333333 0.3333333333333333 0.2857142857142857 0.4 0.3333333333333333 0.2857142857142857 0.14285714285714285 0.2222222222222222 0.18181818181818182 0.16666666666666666 0.3333333333333333 0.2857142857142857 0.2857142857142857 0.2 0.25 0.15384615384615385 0.25 0.25 0.3333333333333333 0.2857142857142857 
net.javageom.geom2d.UnboundedShape2DException 0.08333333333333333 0.13636363636363635 0.08333333333333333 0.6666666666666666 0.3333333333333333 0.8 0.0392156862745098 0.08695652173913043 0.1 0.2222222222222222 0.5 1.0 0.0967741935483871 0.07692307692307693 0.2222222222222222 0.16666666666666666 0.25 0.18181818181818182 0.17647058823529413 0.2222222222222222 0.13333333333333333 0.13333333333333333 0.05714285714285714 0.2222222222222222 0.13333333333333333 0.2222222222222222 0.11764705882352941 0.2222222222222222 0.13333333333333333 0.10526315789473684 0.5 0.6 0.09090909090909091 0.2857142857142857 0.1875 0.25 0.3333333333333333 0.2857142857142857 0.25 0.25 0.2 0.25 0.25 0.046875 0.03636363636363636 0.18181818181818182 0.11764705882352941 0.11764705882352941 0.07142857142857142 0.07142857142857142 0.07142857142857142 0.025974025974025976 0.05263157894736842 0.3333333333333333 0.3333333333333333 0.075 0.05555555555555555 0.06 0.05 0.06 0.15 0.13333333333333333 0.10526315789473684 0.05714285714285714 0.07142857142857142 0.058823529411764705 0.08 0.08 0.2 0.044444444444444446 0.125 0.0967741935483871 0.07692307692307693 0.07142857142857142 0.18181818181818182 0.18181818181818182 0.05263157894736842 0.1 0.14285714285714285 0.2857142857142857 0.06896551724137931 0.10526315789473684 0.05555555555555555 0.2 0.18181818181818182 0.18181818181818182 0.13333333333333333 0.10526315789473684 0.03773584905660377 0.25 0.08571428571428572 0.08333333333333333 0.06818181818181818 0.06976744186046512 0.2857142857142857 0.13333333333333333 0.075 0.05172413793103448 0.18181818181818182 0.18181818181818182 0.18181818181818182 0.18181818181818182 0.18181818181818182 0.07407407407407407 0.07407407407407407 0.15384615384615385 0.2 0.06060606060606061 0.1875 0.05714285714285714 0.0392156862745098 0.058823529411764705 0.11428571428571428 0.03389830508474576 0.09090909090909091 0.05 0.06521739130434782 0.2857142857142857 0.2222222222222222 0.2222222222222222 0.18181818181818182 0.07407407407407407 0.2 0.2 0.2 0.2 0.2 0.2 0.2 0.2 0.2 0.13333333333333333 0.08 0.2222222222222222 0.07692307692307693 0.25 0.25 0.25 0.2 0.2857142857142857 0.2857142857142857 0.25 0.3333333333333333 0.2857142857142857 0.25 0.13333333333333333 0.2 0.16666666666666666 0.15384615384615385 0.2857142857142857 0.25 0.25 0.18181818181818182 0.2222222222222222 0.14285714285714285 0.2222222222222222 0.2222222222222222 0.2857142857142857 0.25 
net.javageom.geom2d.Vector2D 0.4 0.3611111111111111 0.35714285714285715 0.0625 0.10344827586206896 0.06451612903225806 0.4 0.2894736842105263 0.24324324324324326 0.06060606060606061 0.06451612903225806 0.0967741935483871 1.0 0.10638297872340426 0.09375 0.08571428571428572 0.0967741935483871 0.08823529411764706 0.1 0.09375 0.07894736842105263 0.1388888888888889 0.08928571428571429 0.09375 0.07894736842105263 0.09375 0.10256410256410256 0.12903225806451613 0.10810810810810811 0.125 0.06451612903225806 0.06666666666666667 0.11627906976744186 0.1 0.10256410256410256 0.13333333333333333 0.06666666666666667 0.06451612903225806 0.0967741935483871 0.13333333333333333 0.09090909090909091 0.0967741935483871 0.0967741935483871 0.28169014084507044 0.32786885245901637 0.12121212121212122 0.19444444444444445 0.19444444444444445 0.2857142857142857 0.2857142857142857 0.2857142857142857 0.3037974683544304 0.3125 0.06666666666666667 0.06666666666666667 0.3137254901960784 0.24615384615384617 0.26229508196721313 0.2608695652173913 0.2833333333333333 0.175 0.20588235294117646 0.25 0.2978723404255319 0.2 0.15384615384615385 0.10869565217391304 0.10869565217391304 0.2727272727272727 0.24561403508771928 0.23529411764705882 0.09433962264150944 0.20930232558139536 0.17391304347826086 0.23333333333333334 0.08823529411764706 0.14285714285714285 0.24324324324324326 0.09090909090909091 0.06451612903225806 0.2222222222222222 0.25 0.19230769230769232 0.09090909090909091 0.15625 0.12121212121212122 0.1388888888888889 0.18421052631578946 0.2153846153846154 0.0967741935483871 0.37777777777777777 0.2857142857142857 0.3148148148148148 0.4583333333333333 0.06451612903225806 0.1388888888888889 0.425531914893617 0.3076923076923077 0.15625 0.15625 0.15625 0.15625 0.15625 0.23255813953488372 0.23255813953488372 0.08333333333333333 0.09090909090909091 0.18 0.10256410256410256 0.12962962962962962 0.18461538461538463 0.1320754716981132 0.18867924528301888 0.2318840579710145 0.11627906976744186 0.15789473684210525 0.21666666666666667 0.06451612903225806 0.12903225806451613 0.12903225806451613 0.12121212121212122 0.2619047619047619 0.2727272727272727 0.2727272727272727 0.2727272727272727 0.2727272727272727 0.2727272727272727 0.2727272727272727 0.2727272727272727 0.2727272727272727 0.2727272727272727 0.1388888888888889 0.275 0.16666666666666666 0.2682926829268293 0.1724137931034483 0.1724137931034483 0.1724137931034483 0.2 0.13793103448275862 0.13793103448275862 0.1724137931034483 0.10344827586206896 0.13793103448275862 0.0967741935483871 0.1388888888888889 0.125 0.15151515151515152 0.11428571428571428 0.1 0.13333333333333333 0.13333333333333333 0.12121212121212122 0.12903225806451613 0.14285714285714285 0.12903225806451613 0.16666666666666666 0.1 0.13333333333333333 
net.javageom.geom2d.circulinear.BoundaryPolyCirculinearCurve2D 0.07547169811320754 0.10256410256410256 0.12903225806451613 0.07692307692307693 0.08333333333333333 0.08 0.12698412698412698 0.075 0.21212121212121213 0.11538461538461539 0.08 0.07692307692307693 0.10638297872340426 1.0 0.20833333333333334 0.28 0.21739130434782608 0.24 0.4074074074074074 0.20833333333333334 0.4583333333333333 0.4583333333333333 0.4473684210526316 0.20833333333333334 0.4 0.20833333333333334 0.37037037037037035 0.20833333333333334 0.4 0.56 0.08 0.08333333333333333 0.75 0.125 0.23333333333333334 0.12 0.13043478260869565 0.125 0.12 0.12 0.15384615384615385 0.12 0.12 0.19718309859154928 0.20967741935483872 0.24 0.08823529411764706 0.08823529411764706 0.14285714285714285 0.14285714285714285 0.14285714285714285 0.1411764705882353 0.16417910447761194 0.08333333333333333 0.08333333333333333 0.1509433962264151 0.171875 0.16393442622950818 0.15714285714285714 0.14516129032258066 0.17142857142857143 0.12903225806451613 0.08333333333333333 0.0784313725490196 0.2972972972972973 0.125 0.15384615384615385 0.15384615384615385 0.058823529411764705 0.22641509433962265 0.09090909090909091 0.18181818181818182 0.15 0.3333333333333333 0.10714285714285714 0.14814814814814814 0.28888888888888886 0.1111111111111111 0.23529411764705882 0.125 0.13953488372093023 0.14705882352941177 0.3023255813953488 0.2 0.10714285714285714 0.06896551724137931 0.06060606060606061 0.08333333333333333 0.19672131147540983 0.07692307692307693 0.16666666666666666 0.26666666666666666 0.14035087719298245 0.14285714285714285 0.125 0.16666666666666666 0.1509433962264151 0.12857142857142856 0.10714285714285714 0.10714285714285714 0.10714285714285714 0.10714285714285714 0.10714285714285714 0.34285714285714286 0.09302325581395349 0.13793103448275862 0.2 0.17777777777777778 0.12121212121212122 0.375 0.22413793103448276 0.14893617021276595 0.09615384615384616 0.2153846153846154 0.16666666666666666 0.17647058823529413 0.17543859649122806 0.08 0.11538461538461539 0.11538461538461539 0.10714285714285714 0.2702702702702703 0.058823529411764705 0.058823529411764705 0.058823529411764705 0.058823529411764705 0.058823529411764705 0.058823529411764705 0.058823529411764705 0.058823529411764705 0.058823529411764705 0.2962962962962963 0.2857142857142857 0.07407407407407407 0.09523809523809523 0.07692307692307693 0.07692307692307693 0.07692307692307693 0.07142857142857142 0.08 0.08 0.12 0.08333333333333333 0.08 0.07692307692307693 0.09375 0.1111111111111111 0.10344827586206896 0.1 0.08 0.12 0.12 0.14814814814814814 0.11538461538461539 0.0967741935483871 0.07407407407407407 0.11538461538461539 0.08 0.07692307692307693 
net.javageom.geom2d.circulinear.CircleLine2D 0.08108108108108109 0.13043478260869565 0.10416666666666667 0.2222222222222222 0.2857142857142857 0.25 0.08 0.13043478260869565 0.15 0.2 0.25 0.2222222222222222 0.09375 0.20833333333333334 1.0 0.36363636363636365 0.375 0.5555555555555556 0.16666666666666666 0.5 0.2 0.2857142857142857 0.15151515151515152 0.5 0.38461538461538464 0.5 0.3333333333333333 0.5 0.2857142857142857 0.2222222222222222 0.25 0.2857142857142857 0.19047619047619047 0.42857142857142855 0.17647058823529413 0.375 0.2857142857142857 0.25 0.375 0.375 0.3 0.375 0.375 0.07936507936507936 0.07407407407407407 0.5555555555555556 0.17647058823529413 0.17647058823529413 0.14814814814814814 0.14814814814814814 0.14814814814814814 0.06666666666666667 0.07017543859649122 0.2857142857142857 0.2857142857142857 0.1 0.09433962264150944 0.08 0.06666666666666667 0.058823529411764705 0.2 0.2 0.15789473684210525 0.08571428571428572 0.10714285714285714 0.12121212121212122 0.12 0.12 0.11764705882352941 0.09090909090909091 0.1875 0.16666666666666666 0.16 0.14814814814814814 0.2727272727272727 0.2727272727272727 0.1388888888888889 0.15 0.19047619047619047 0.25 0.14285714285714285 0.15789473684210525 0.11428571428571428 0.625 0.2727272727272727 0.16666666666666666 0.125 0.15789473684210525 0.07692307692307693 0.2222222222222222 0.11428571428571428 0.1111111111111111 0.09090909090909091 0.09302325581395349 0.25 0.2857142857142857 0.1 0.08771929824561403 0.2727272727272727 0.2727272727272727 0.2727272727272727 0.2727272727272727 0.2727272727272727 0.15384615384615385 0.1111111111111111 0.14285714285714285 0.3 0.16129032258064516 0.1111111111111111 0.15151515151515152 0.125 0.15625 0.14285714285714285 0.06896551724137931 0.19047619047619047 0.13157894736842105 0.13636363636363635 0.25 0.3333333333333333 0.3333333333333333 0.2727272727272727 0.1111111111111111 0.11764705882352941 0.11764705882352941 0.11764705882352941 0.11764705882352941 0.11764705882352941 0.11764705882352941 0.11764705882352941 0.11764705882352941 0.11764705882352941 0.2 0.12 0.2 0.20833333333333334 0.2222222222222222 0.2222222222222222 0.2222222222222222 0.18181818181818182 0.25 0.25 0.2222222222222222 0.2857142857142857 0.25 0.2222222222222222 0.2 0.3 0.25 0.23076923076923078 0.25 0.375 0.375 0.2727272727272727 0.3333333333333333 0.21428571428571427 0.2 0.3333333333333333 0.25 0.2222222222222222 
