org.eclipse.jgit.http.server.AsIsFileFilter 1.0 0.16666666666666666 0.2 0.15 0.3157894736842105 0.3157894736842105 0.08333333333333333 0.1875 0.38461538461538464 0.22727272727272727 0.22727272727272727 0.4166666666666667 0.5555555555555556 0.35714285714285715 0.35714285714285715 0.35714285714285715 0.35714285714285715 0.35714285714285715 0.08333333333333333 0.08333333333333333 0.2 0.2 0.2 0.2 0.35 0.15384615384615385 0.26666666666666666 0.35 0.35 0.5454545454545454 0.08333333333333333 0.08333333333333333 0.15384615384615385 0.15384615384615385 0.15384615384615385 0.15384615384615385 0.4 0.26666666666666666 0.26666666666666666 0.4166666666666667 0.3333333333333333 0.3333333333333333 0.3333333333333333 0.4 0.4 0.2727272727272727 0.35714285714285715 0.5454545454545454 0.5454545454545454 0.3333333333333333 0.3333333333333333 0.3333333333333333 0.3333333333333333 0.4 0.5454545454545454 0.5454545454545454 0.5454545454545454 0.42857142857142855 0.42857142857142855 0.4 0.4 
org.eclipse.jgit.http.server.ClientVersionUtil 0.16666666666666666 1.0 0.07692307692307693 0.11764705882352941 0.10526315789473684 0.10526315789473684 0.1 0.25 0.16666666666666666 0.09523809523809523 0.09523809523809523 0.18181818181818182 0.25 0.15384615384615385 0.15384615384615385 0.15384615384615385 0.15384615384615385 0.15384615384615385 0.0 0.0 0.14285714285714285 0.14285714285714285 0.14285714285714285 0.14285714285714285 0.09523809523809523 0.13043478260869565 0.15384615384615385 0.09523809523809523 0.09523809523809523 0.18181818181818182 0.0 0.0 0.10810810810810811 0.10810810810810811 0.10810810810810811 0.10810810810810811 0.25 0.15384615384615385 0.15384615384615385 0.18181818181818182 0.2 0.2 0.14285714285714285 0.13333333333333333 0.13333333333333333 0.25 0.15384615384615385 0.18181818181818182 0.18181818181818182 0.09090909090909091 0.09090909090909091 0.09090909090909091 0.09090909090909091 0.25 0.18181818181818182 0.18181818181818182 0.18181818181818182 0.14285714285714285 0.14285714285714285 0.13333333333333333 0.13333333333333333 
org.eclipse.jgit.http.server.FileSender 0.2 0.07692307692307693 1.0 0.045454545454545456 0.19047619047619047 0.19047619047619047 0.04 0.11764705882352941 0.2 0.125 0.125 0.21428571428571427 0.16666666666666666 0.35714285714285715 0.35714285714285715 0.35714285714285715 0.35714285714285715 0.35714285714285715 0.0 0.0 0.058823529411764705 0.058823529411764705 0.058823529411764705 0.058823529411764705 0.17391304347826086 0.2 0.05555555555555555 0.08 0.08 0.3076923076923077 0.0 0.0 0.046511627906976744 0.046511627906976744 0.046511627906976744 0.046511627906976744 0.2727272727272727 0.05555555555555555 0.05555555555555555 0.21428571428571427 0.06666666666666667 0.06666666666666667 0.25 0.16666666666666666 0.16666666666666666 0.16666666666666666 0.1875 0.21428571428571427 0.21428571428571427 0.23076923076923078 0.23076923076923078 0.23076923076923078 0.23076923076923078 0.16666666666666666 0.21428571428571427 0.21428571428571427 0.21428571428571427 0.17647058823529413 0.17647058823529413 0.16666666666666666 0.16666666666666666 
org.eclipse.jgit.http.server.GitFilter 0.15 0.11764705882352941 0.045454545454545456 1.0 0.15384615384615385 0.15384615384615385 0.10714285714285714 0.14285714285714285 0.15 0.10344827586206896 0.10344827586206896 0.15789473684210525 0.1875 0.14285714285714285 0.14285714285714285 0.14285714285714285 0.14285714285714285 0.14285714285714285 0.2 0.2 0.1388888888888889 0.1388888888888889 0.1388888888888889 0.1388888888888889 0.14285714285714285 0.06060606060606061 0.14285714285714285 0.14285714285714285 0.14285714285714285 0.15789473684210525 0.125 0.125 0.1111111111111111 0.1111111111111111 0.1111111111111111 0.1111111111111111 0.1875 0.2631578947368421 0.2631578947368421 0.2222222222222222 0.23529411764705882 0.23529411764705882 0.19047619047619047 0.18181818181818182 0.18181818181818182 0.11764705882352941 0.2 0.15789473684210525 0.15789473684210525 0.10526315789473684 0.10526315789473684 0.10526315789473684 0.10526315789473684 0.1875 0.1 0.1 0.1 0.13636363636363635 0.13636363636363635 0.13043478260869565 0.13043478260869565 
org.eclipse.jgit.http.server.GitServlet 0.3157894736842105 0.10526315789473684 0.19047619047619047 0.15384615384615385 1.0 1.0 0.06451612903225806 0.18181818181818182 0.3157894736842105 0.21428571428571427 0.21428571428571427 0.3333333333333333 0.3125 0.23809523809523808 0.23809523809523808 0.23809523809523808 0.23809523809523808 0.23809523809523808 0.05263157894736842 0.05263157894736842 0.22857142857142856 0.22857142857142856 0.22857142857142856 0.22857142857142856 0.3076923076923077 0.1935483870967742 0.18181818181818182 0.25925925925925924 0.25925925925925924 0.3333333333333333 0.05263157894736842 0.05263157894736842 0.18181818181818182 0.18181818181818182 0.18181818181818182 0.18181818181818182 0.3125 0.23809523809523808 0.23809523809523808 0.4117647058823529 0.35294117647058826 0.35294117647058826 0.42105263157894735 0.2727272727272727 0.2727272727272727 0.16666666666666666 0.3 0.2631578947368421 0.2631578947368421 0.2777777777777778 0.2777777777777778 0.2777777777777778 0.2777777777777778 0.23529411764705882 0.2631578947368421 0.2631578947368421 0.2631578947368421 0.35 0.35 0.3333333333333333 0.3333333333333333 
org.eclipse.jgit.http.server.GitServlet$1 0.3157894736842105 0.10526315789473684 0.19047619047619047 0.15384615384615385 1.0 1.0 0.06451612903225806 0.18181818181818182 0.3157894736842105 0.21428571428571427 0.21428571428571427 0.3333333333333333 0.3125 0.23809523809523808 0.23809523809523808 0.23809523809523808 0.23809523809523808 0.23809523809523808 0.05263157894736842 0.05263157894736842 0.22857142857142856 0.22857142857142856 0.22857142857142856 0.22857142857142856 0.3076923076923077 0.1935483870967742 0.18181818181818182 0.25925925925925924 0.25925925925925924 0.3333333333333333 0.05263157894736842 0.05263157894736842 0.18181818181818182 0.18181818181818182 0.18181818181818182 0.18181818181818182 0.3125 0.23809523809523808 0.23809523809523808 0.4117647058823529 0.35294117647058826 0.35294117647058826 0.42105263157894735 0.2727272727272727 0.2727272727272727 0.16666666666666666 0.3 0.2631578947368421 0.2631578947368421 0.2777777777777778 0.2777777777777778 0.2777777777777778 0.2777777777777778 0.23529411764705882 0.2631578947368421 0.2631578947368421 0.2631578947368421 0.35 0.35 0.3333333333333333 0.3333333333333333 
org.eclipse.jgit.http.server.GitSmartHttpTools 0.08333333333333333 0.1 0.04 0.10714285714285714 0.06451612903225806 0.06451612903225806 1.0 0.125 0.08333333333333333 0.06060606060606061 0.06060606060606061 0.08695652173913043 0.1 0.08 0.08 0.08 0.08 0.08 0.0 0.0 0.1 0.1 0.1 0.1 0.09375 0.08571428571428572 0.08 0.09375 0.09375 0.08695652173913043 0.0 0.0 0.10416666666666667 0.10416666666666667 0.10416666666666667 0.10416666666666667 0.1 0.08 0.08 0.08695652173913043 0.09090909090909091 0.09090909090909091 0.12 0.07407407407407407 0.07407407407407407 0.1 0.08 0.08695652173913043 0.08695652173913043 0.043478260869565216 0.043478260869565216 0.043478260869565216 0.043478260869565216 0.1 0.13636363636363635 0.13636363636363635 0.13636363636363635 0.12 0.12 0.11538461538461539 0.11538461538461539 
org.eclipse.jgit.http.server.HttpServerText 0.1875 0.25 0.11764705882352941 0.14285714285714285 0.18181818181818182 0.18181818181818182 0.125 1.0 0.11764705882352941 0.07692307692307693 0.07692307692307693 0.125 0.15384615384615385 0.1111111111111111 0.1111111111111111 0.1111111111111111 0.1111111111111111 0.1111111111111111 0.0 0.0 0.27586206896551724 0.27586206896551724 0.27586206896551724 0.27586206896551724 0.2727272727272727 0.14814814814814814 0.1111111111111111 0.16666666666666666 0.16666666666666666 0.125 0.0 0.0 0.1794871794871795 0.1794871794871795 0.1794871794871795 0.1794871794871795 0.15384615384615385 0.1111111111111111 0.1111111111111111 0.2 0.13333333333333333 0.13333333333333333 0.16666666666666666 0.1 0.1 0.15384615384615385 0.17647058823529413 0.125 0.125 0.0625 0.0625 0.0625 0.0625 0.15384615384615385 0.2 0.2 0.2 0.16666666666666666 0.16666666666666666 0.15789473684210525 0.15789473684210525 
org.eclipse.jgit.http.server.InfoPacksServlet 0.38461538461538464 0.16666666666666666 0.2 0.15 0.3157894736842105 0.3157894736842105 0.08333333333333333 0.11764705882352941 1.0 0.2857142857142857 0.2857142857142857 0.8888888888888888 0.5555555555555556 0.5833333333333334 0.5833333333333334 0.5833333333333334 0.5833333333333334 0.5833333333333334 0.08333333333333333 0.08333333333333333 0.125 0.125 0.125 0.125 0.2857142857142857 0.15384615384615385 0.26666666666666666 0.17391304347826086 0.17391304347826086 0.5454545454545454 0.08333333333333333 0.08333333333333333 0.0975609756097561 0.0975609756097561 0.0975609756097561 0.0975609756097561 0.5555555555555556 0.26666666666666666 0.26666666666666666 0.4166666666666667 0.3333333333333333 0.3333333333333333 0.42857142857142855 0.3125 0.3125 0.2727272727272727 0.35714285714285715 0.4166666666666667 0.4166666666666667 0.23076923076923078 0.23076923076923078 0.23076923076923078 0.23076923076923078 0.4 0.3076923076923077 0.3076923076923077 0.3076923076923077 0.3333333333333333 0.3333333333333333 0.3125 0.3125 
org.eclipse.jgit.http.server.InfoRefsServlet 0.22727272727272727 0.09523809523809523 0.125 0.10344827586206896 0.21428571428571427 0.21428571428571427 0.06060606060606061 0.07692307692307693 0.2857142857142857 1.0 1.0 0.3 0.2777777777777778 0.21739130434782608 0.21739130434782608 0.21739130434782608 0.21739130434782608 0.21739130434782608 0.047619047619047616 0.047619047619047616 0.18421052631578946 0.18421052631578946 0.18421052631578946 0.18421052631578946 0.2 0.21875 0.2727272727272727 0.2 0.2 0.3 0.047619047619047616 0.047619047619047616 0.14893617021276595 0.14893617021276595 0.14893617021276595 0.14893617021276595 0.2777777777777778 0.16666666666666666 0.16666666666666666 0.23809523809523808 0.19047619047619047 0.19047619047619047 0.2608695652173913 0.2 0.2 0.15 0.21739130434782608 0.23809523809523808 0.23809523809523808 0.13636363636363635 0.13636363636363635 0.13636363636363635 0.13636363636363635 0.21052631578947367 0.18181818181818182 0.18181818181818182 0.18181818181818182 0.20833333333333334 0.20833333333333334 0.2 0.2 
org.eclipse.jgit.http.server.InfoRefsServlet$1 0.22727272727272727 0.09523809523809523 0.125 0.10344827586206896 0.21428571428571427 0.21428571428571427 0.06060606060606061 0.07692307692307693 0.2857142857142857 1.0 1.0 0.3 0.2777777777777778 0.21739130434782608 0.21739130434782608 0.21739130434782608 0.21739130434782608 0.21739130434782608 0.047619047619047616 0.047619047619047616 0.18421052631578946 0.18421052631578946 0.18421052631578946 0.18421052631578946 0.2 0.21875 0.2727272727272727 0.2 0.2 0.3 0.047619047619047616 0.047619047619047616 0.14893617021276595 0.14893617021276595 0.14893617021276595 0.14893617021276595 0.2777777777777778 0.16666666666666666 0.16666666666666666 0.23809523809523808 0.19047619047619047 0.19047619047619047 0.2608695652173913 0.2 0.2 0.15 0.21739130434782608 0.23809523809523808 0.23809523809523808 0.13636363636363635 0.13636363636363635 0.13636363636363635 0.13636363636363635 0.21052631578947367 0.18181818181818182 0.18181818181818182 0.18181818181818182 0.20833333333333334 0.20833333333333334 0.2 0.2 
org.eclipse.jgit.http.server.IsLocalFilter 0.4166666666666667 0.18181818181818182 0.21428571428571427 0.15789473684210525 0.3333333333333333 0.3333333333333333 0.08695652173913043 0.125 0.8888888888888888 0.3 0.3 1.0 0.625 0.6363636363636364 0.6363636363636364 0.6363636363636364 0.6363636363636364 0.6363636363636364 0.09090909090909091 0.09090909090909091 0.12903225806451613 0.12903225806451613 0.12903225806451613 0.12903225806451613 0.3 0.16 0.2857142857142857 0.18181818181818182 0.18181818181818182 0.6 0.09090909090909091 0.09090909090909091 0.1 0.1 0.1 0.1 0.625 0.2857142857142857 0.2857142857142857 0.45454545454545453 0.36363636363636365 0.36363636363636365 0.46153846153846156 0.3333333333333333 0.3333333333333333 0.3 0.38461538461538464 0.45454545454545453 0.45454545454545453 0.25 0.25 0.25 0.25 0.4444444444444444 0.3333333333333333 0.3333333333333333 0.3333333333333333 0.35714285714285715 0.35714285714285715 0.3333333333333333 0.3333333333333333 
org.eclipse.jgit.http.server.NoCacheFilter 0.5555555555555556 0.25 0.16666666666666666 0.1875 0.3125 0.3125 0.1 0.15384615384615385 0.5555555555555556 0.2777777777777778 0.2777777777777778 0.625 1.0 0.36363636363636365 0.36363636363636365 0.36363636363636365 0.36363636363636365 0.36363636363636365 0.125 0.125 0.14285714285714285 0.14285714285714285 0.14285714285714285 0.14285714285714285 0.2777777777777778 0.13043478260869565 0.36363636363636365 0.21052631578947367 0.21052631578947367 0.625 0.125 0.125 0.10810810810810811 0.10810810810810811 0.10810810810810811 0.10810810810810811 0.6666666666666666 0.36363636363636365 0.36363636363636365 0.625 0.5 0.5 0.45454545454545453 0.4166666666666667 0.4166666666666667 0.42857142857142855 0.5 0.625 0.625 0.3333333333333333 0.3333333333333333 0.3333333333333333 0.3333333333333333 0.6666666666666666 0.4444444444444444 0.4444444444444444 0.4444444444444444 0.3333333333333333 0.3333333333333333 0.3076923076923077 0.3076923076923077 
org.eclipse.jgit.http.server.ObjectFileServlet 0.35714285714285715 0.15384615384615385 0.35714285714285715 0.14285714285714285 0.23809523809523808 0.23809523809523808 0.08 0.1111111111111111 0.5833333333333334 0.21739130434782608 0.21739130434782608 0.6363636363636364 0.36363636363636365 1.0 1.0 1.0 1.0 1.0 0.07692307692307693 0.07692307692307693 0.08823529411764706 0.08823529411764706 0.08823529411764706 0.08823529411764706 0.21739130434782608 0.19230769230769232 0.17647058823529413 0.16666666666666666 0.16666666666666666 0.5 0.07692307692307693 0.07692307692307693 0.06976744186046512 0.06976744186046512 0.06976744186046512 0.06976744186046512 0.5 0.17647058823529413 0.17647058823529413 0.2857142857142857 0.21428571428571427 0.21428571428571427 0.3125 0.29411764705882354 0.29411764705882354 0.25 0.25 0.38461538461538464 0.38461538461538464 0.21428571428571427 0.21428571428571427 0.21428571428571427 0.21428571428571427 0.36363636363636365 0.2857142857142857 0.2857142857142857 0.2857142857142857 0.3125 0.3125 0.29411764705882354 0.29411764705882354 
org.eclipse.jgit.http.server.ObjectFileServlet$Loose 0.35714285714285715 0.15384615384615385 0.35714285714285715 0.14285714285714285 0.23809523809523808 0.23809523809523808 0.08 0.1111111111111111 0.5833333333333334 0.21739130434782608 0.21739130434782608 0.6363636363636364 0.36363636363636365 1.0 1.0 1.0 1.0 1.0 0.07692307692307693 0.07692307692307693 0.08823529411764706 0.08823529411764706 0.08823529411764706 0.08823529411764706 0.21739130434782608 0.19230769230769232 0.17647058823529413 0.16666666666666666 0.16666666666666666 0.5 0.07692307692307693 0.07692307692307693 0.06976744186046512 0.06976744186046512 0.06976744186046512 0.06976744186046512 0.5 0.17647058823529413 0.17647058823529413 0.2857142857142857 0.21428571428571427 0.21428571428571427 0.3125 0.29411764705882354 0.29411764705882354 0.25 0.25 0.38461538461538464 0.38461538461538464 0.21428571428571427 0.21428571428571427 0.21428571428571427 0.21428571428571427 0.36363636363636365 0.2857142857142857 0.2857142857142857 0.2857142857142857 0.3125 0.3125 0.29411764705882354 0.29411764705882354 
org.eclipse.jgit.http.server.ObjectFileServlet$Pack 0.35714285714285715 0.15384615384615385 0.35714285714285715 0.14285714285714285 0.23809523809523808 0.23809523809523808 0.08 0.1111111111111111 0.5833333333333334 0.21739130434782608 0.21739130434782608 0.6363636363636364 0.36363636363636365 1.0 1.0 1.0 1.0 1.0 0.07692307692307693 0.07692307692307693 0.08823529411764706 0.08823529411764706 0.08823529411764706 0.08823529411764706 0.21739130434782608 0.19230769230769232 0.17647058823529413 0.16666666666666666 0.16666666666666666 0.5 0.07692307692307693 0.07692307692307693 0.06976744186046512 0.06976744186046512 0.06976744186046512 0.06976744186046512 0.5 0.17647058823529413 0.17647058823529413 0.2857142857142857 0.21428571428571427 0.21428571428571427 0.3125 0.29411764705882354 0.29411764705882354 0.25 0.25 0.38461538461538464 0.38461538461538464 0.21428571428571427 0.21428571428571427 0.21428571428571427 0.21428571428571427 0.36363636363636365 0.2857142857142857 0.2857142857142857 0.2857142857142857 0.3125 0.3125 0.29411764705882354 0.29411764705882354 
org.eclipse.jgit.http.server.ObjectFileServlet$PackData 0.35714285714285715 0.15384615384615385 0.35714285714285715 0.14285714285714285 0.23809523809523808 0.23809523809523808 0.08 0.1111111111111111 0.5833333333333334 0.21739130434782608 0.21739130434782608 0.6363636363636364 0.36363636363636365 1.0 1.0 1.0 1.0 1.0 0.07692307692307693 0.07692307692307693 0.08823529411764706 0.08823529411764706 0.08823529411764706 0.08823529411764706 0.21739130434782608 0.19230769230769232 0.17647058823529413 0.16666666666666666 0.16666666666666666 0.5 0.07692307692307693 0.07692307692307693 0.06976744186046512 0.06976744186046512 0.06976744186046512 0.06976744186046512 0.5 0.17647058823529413 0.17647058823529413 0.2857142857142857 0.21428571428571427 0.21428571428571427 0.3125 0.29411764705882354 0.29411764705882354 0.25 0.25 0.38461538461538464 0.38461538461538464 0.21428571428571427 0.21428571428571427 0.21428571428571427 0.21428571428571427 0.36363636363636365 0.2857142857142857 0.2857142857142857 0.2857142857142857 0.3125 0.3125 0.29411764705882354 0.29411764705882354 
org.eclipse.jgit.http.server.ObjectFileServlet$PackIdx 0.35714285714285715 0.15384615384615385 0.35714285714285715 0.14285714285714285 0.23809523809523808 0.23809523809523808 0.08 0.1111111111111111 0.5833333333333334 0.21739130434782608 0.21739130434782608 0.6363636363636364 0.36363636363636365 1.0 1.0 1.0 1.0 1.0 0.07692307692307693 0.07692307692307693 0.08823529411764706 0.08823529411764706 0.08823529411764706 0.08823529411764706 0.21739130434782608 0.19230769230769232 0.17647058823529413 0.16666666666666666 0.16666666666666666 0.5 0.07692307692307693 0.07692307692307693 0.06976744186046512 0.06976744186046512 0.06976744186046512 0.06976744186046512 0.5 0.17647058823529413 0.17647058823529413 0.2857142857142857 0.21428571428571427 0.21428571428571427 0.3125 0.29411764705882354 0.29411764705882354 0.25 0.25 0.38461538461538464 0.38461538461538464 0.21428571428571427 0.21428571428571427 0.21428571428571427 0.21428571428571427 0.36363636363636365 0.2857142857142857 0.2857142857142857 0.2857142857142857 0.3125 0.3125 0.29411764705882354 0.29411764705882354 
org.eclipse.jgit.http.server.ReceivePackErrorHandler 0.08333333333333333 0.0 0.0 0.2 0.05263157894736842 0.05263157894736842 0.0 0.0 0.08333333333333333 0.047619047619047616 0.047619047619047616 0.09090909090909091 0.125 0.07692307692307693 0.07692307692307693 0.07692307692307693 0.07692307692307693 0.07692307692307693 1.0 1.0 0.06896551724137931 0.06896551724137931 0.06896551724137931 0.06896551724137931 0.047619047619047616 0.0 0.07692307692307693 0.047619047619047616 0.047619047619047616 0.09090909090909091 0.3333333333333333 0.3333333333333333 0.02564102564102564 0.02564102564102564 0.02564102564102564 0.02564102564102564 0.125 0.07692307692307693 0.07692307692307693 0.09090909090909091 0.1 0.1 0.07142857142857142 0.06666666666666667 0.06666666666666667 0.0 0.16666666666666666 0.09090909090909091 0.09090909090909091 0.0 0.0 0.0 0.0 0.125 0.0 0.0 0.0 0.07142857142857142 0.07142857142857142 0.06666666666666667 0.06666666666666667 
org.eclipse.jgit.http.server.ReceivePackErrorHandler$ReceivePackRunnable 0.08333333333333333 0.0 0.0 0.2 0.05263157894736842 0.05263157894736842 0.0 0.0 0.08333333333333333 0.047619047619047616 0.047619047619047616 0.09090909090909091 0.125 0.07692307692307693 0.07692307692307693 0.07692307692307693 0.07692307692307693 0.07692307692307693 1.0 1.0 0.06896551724137931 0.06896551724137931 0.06896551724137931 0.06896551724137931 0.047619047619047616 0.0 0.07692307692307693 0.047619047619047616 0.047619047619047616 0.09090909090909091 0.3333333333333333 0.3333333333333333 0.02564102564102564 0.02564102564102564 0.02564102564102564 0.02564102564102564 0.125 0.07692307692307693 0.07692307692307693 0.09090909090909091 0.1 0.1 0.07142857142857142 0.06666666666666667 0.06666666666666667 0.0 0.16666666666666666 0.09090909090909091 0.09090909090909091 0.0 0.0 0.0 0.0 0.125 0.0 0.0 0.0 0.07142857142857142 0.07142857142857142 0.06666666666666667 0.06666666666666667 
org.eclipse.jgit.http.server.ReceivePackServlet 0.2 0.14285714285714285 0.058823529411764705 0.1388888888888889 0.22857142857142856 0.22857142857142856 0.1 0.27586206896551724 0.125 0.18421052631578946 0.18421052631578946 0.12903225806451613 0.14285714285714285 0.08823529411764706 0.08823529411764706 0.08823529411764706 0.08823529411764706 0.08823529411764706 0.06896551724137931 0.06896551724137931 1.0 1.0 1.0 1.0 0.25 0.2 0.1935483870967742 0.3235294117647059 0.3235294117647059 0.12903225806451613 0.03333333333333333 0.03333333333333333 0.5 0.5 0.5 0.5 0.10344827586206896 0.12121212121212122 0.12121212121212122 0.16666666666666666 0.13333333333333333 0.13333333333333333 0.15151515151515152 0.11428571428571428 0.11428571428571428 0.06666666666666667 0.15625 0.12903225806451613 0.12903225806451613 0.0625 0.0625 0.0625 0.0625 0.10344827586206896 0.12903225806451613 0.12903225806451613 0.12903225806451613 0.1875 0.1875 0.14705882352941177 0.14705882352941177 
org.eclipse.jgit.http.server.ReceivePackServlet$1 0.2 0.14285714285714285 0.058823529411764705 0.1388888888888889 0.22857142857142856 0.22857142857142856 0.1 0.27586206896551724 0.125 0.18421052631578946 0.18421052631578946 0.12903225806451613 0.14285714285714285 0.08823529411764706 0.08823529411764706 0.08823529411764706 0.08823529411764706 0.08823529411764706 0.06896551724137931 0.06896551724137931 1.0 1.0 1.0 1.0 0.25 0.2 0.1935483870967742 0.3235294117647059 0.3235294117647059 0.12903225806451613 0.03333333333333333 0.03333333333333333 0.5 0.5 0.5 0.5 0.10344827586206896 0.12121212121212122 0.12121212121212122 0.16666666666666666 0.13333333333333333 0.13333333333333333 0.15151515151515152 0.11428571428571428 0.11428571428571428 0.06666666666666667 0.15625 0.12903225806451613 0.12903225806451613 0.0625 0.0625 0.0625 0.0625 0.10344827586206896 0.12903225806451613 0.12903225806451613 0.12903225806451613 0.1875 0.1875 0.14705882352941177 0.14705882352941177 
org.eclipse.jgit.http.server.ReceivePackServlet$Factory 0.2 0.14285714285714285 0.058823529411764705 0.1388888888888889 0.22857142857142856 0.22857142857142856 0.1 0.27586206896551724 0.125 0.18421052631578946 0.18421052631578946 0.12903225806451613 0.14285714285714285 0.08823529411764706 0.08823529411764706 0.08823529411764706 0.08823529411764706 0.08823529411764706 0.06896551724137931 0.06896551724137931 1.0 1.0 1.0 1.0 0.25 0.2 0.1935483870967742 0.3235294117647059 0.3235294117647059 0.12903225806451613 0.03333333333333333 0.03333333333333333 0.5 0.5 0.5 0.5 0.10344827586206896 0.12121212121212122 0.12121212121212122 0.16666666666666666 0.13333333333333333 0.13333333333333333 0.15151515151515152 0.11428571428571428 0.11428571428571428 0.06666666666666667 0.15625 0.12903225806451613 0.12903225806451613 0.0625 0.0625 0.0625 0.0625 0.10344827586206896 0.12903225806451613 0.12903225806451613 0.12903225806451613 0.1875 0.1875 0.14705882352941177 0.14705882352941177 
org.eclipse.jgit.http.server.ReceivePackServlet$InfoRefs 0.2 0.14285714285714285 0.058823529411764705 0.1388888888888889 0.22857142857142856 0.22857142857142856 0.1 0.27586206896551724 0.125 0.18421052631578946 0.18421052631578946 0.12903225806451613 0.14285714285714285 0.08823529411764706 0.08823529411764706 0.08823529411764706 0.08823529411764706 0.08823529411764706 0.06896551724137931 0.06896551724137931 1.0 1.0 1.0 1.0 0.25 0.2 0.1935483870967742 0.3235294117647059 0.3235294117647059 0.12903225806451613 0.03333333333333333 0.03333333333333333 0.5 0.5 0.5 0.5 0.10344827586206896 0.12121212121212122 0.12121212121212122 0.16666666666666666 0.13333333333333333 0.13333333333333333 0.15151515151515152 0.11428571428571428 0.11428571428571428 0.06666666666666667 0.15625 0.12903225806451613 0.12903225806451613 0.0625 0.0625 0.0625 0.0625 0.10344827586206896 0.12903225806451613 0.12903225806451613 0.12903225806451613 0.1875 0.1875 0.14705882352941177 0.14705882352941177 
org.eclipse.jgit.http.server.RepositoryFilter 0.35 0.09523809523809523 0.17391304347826086 0.14285714285714285 0.3076923076923077 0.3076923076923077 0.09375 0.2727272727272727 0.2857142857142857 0.2 0.2 0.3 0.2777777777777778 0.21739130434782608 0.21739130434782608 0.21739130434782608 0.21739130434782608 0.21739130434782608 0.047619047619047616 0.047619047619047616 0.25 0.25 0.25 0.25 1.0 0.14705882352941177 0.16666666666666666 0.2857142857142857 0.2857142857142857 0.3 0.047619047619047616 0.047619047619047616 0.22727272727272727 0.22727272727272727 0.22727272727272727 0.22727272727272727 0.2777777777777778 0.16666666666666666 0.16666666666666666 0.3 0.19047619047619047 0.19047619047619047 0.3181818181818182 0.2 0.2 0.15 0.2727272727272727 0.23809523809523808 0.23809523809523808 0.13636363636363635 0.13636363636363635 0.13636363636363635 0.13636363636363635 0.21052631578947367 0.23809523809523808 0.23809523809523808 0.23809523809523808 0.2608695652173913 0.2608695652173913 0.25 0.25 
org.eclipse.jgit.http.server.ServletUtils 0.15384615384615385 0.13043478260869565 0.2 0.06060606060606061 0.1935483870967742 0.1935483870967742 0.08571428571428572 0.14814814814814814 0.15384615384615385 0.21875 0.21875 0.16 0.13043478260869565 0.19230769230769232 0.19230769230769232 0.19230769230769232 0.19230769230769232 0.19230769230769232 0.0 0.0 0.2 0.2 0.2 0.2 0.14705882352941177 1.0 0.14814814814814814 0.14705882352941177 0.14705882352941177 0.20833333333333334 0.0 0.0 0.16326530612244897 0.16326530612244897 0.16326530612244897 0.16326530612244897 0.18181818181818182 0.06896551724137931 0.06896551724137931 0.16 0.07692307692307693 0.07692307692307693 0.18518518518518517 0.2222222222222222 0.2222222222222222 0.13043478260869565 0.14814814814814814 0.2608695652173913 0.2608695652173913 0.12 0.12 0.12 0.12 0.13043478260869565 0.16 0.16 0.16 0.14285714285714285 0.14285714285714285 0.13793103448275862 0.13793103448275862 
org.eclipse.jgit.http.server.SmartOutputStream 0.26666666666666666 0.15384615384615385 0.05555555555555555 0.14285714285714285 0.18181818181818182 0.18181818181818182 0.08 0.1111111111111111 0.26666666666666666 0.2727272727272727 0.2727272727272727 0.2857142857142857 0.36363636363636365 0.17647058823529413 0.17647058823529413 0.17647058823529413 0.17647058823529413 0.17647058823529413 0.07692307692307693 0.07692307692307693 0.1935483870967742 0.1935483870967742 0.1935483870967742 0.1935483870967742 0.16666666666666666 0.14814814814814814 1.0 0.2727272727272727 0.2727272727272727 0.2857142857142857 0.07692307692307693 0.07692307692307693 0.15 0.15 0.15 0.15 0.25 0.25 0.25 0.2857142857142857 0.3076923076923077 0.3076923076923077 0.23529411764705882 0.2222222222222222 0.2222222222222222 0.15384615384615385 0.25 0.2857142857142857 0.2857142857142857 0.13333333333333333 0.13333333333333333 0.13333333333333333 0.13333333333333333 0.25 0.2 0.2 0.2 0.23529411764705882 0.23529411764705882 0.2222222222222222 0.2222222222222222 
org.eclipse.jgit.http.server.SmartServiceInfoRefs 0.35 0.09523809523809523 0.08 0.14285714285714285 0.25925925925925924 0.25925925925925924 0.09375 0.16666666666666666 0.17391304347826086 0.2 0.2 0.18181818181818182 0.21052631578947367 0.16666666666666666 0.16666666666666666 0.16666666666666666 0.16666666666666666 0.16666666666666666 0.047619047619047616 0.047619047619047616 0.3235294117647059 0.3235294117647059 0.3235294117647059 0.3235294117647059 0.2857142857142857 0.14705882352941177 0.2727272727272727 1.0 1.0 0.23809523809523808 0.047619047619047616 0.047619047619047616 0.3170731707317073 0.3170731707317073 0.3170731707317073 0.3170731707317073 0.15 0.16666666666666666 0.16666666666666666 0.18181818181818182 0.19047619047619047 0.19047619047619047 0.16 0.2 0.2 0.09523809523809523 0.21739130434782608 0.23809523809523808 0.23809523809523808 0.13636363636363635 0.13636363636363635 0.13636363636363635 0.13636363636363635 0.15 0.23809523809523808 0.23809523809523808 0.23809523809523808 0.3181818181818182 0.3181818181818182 0.25 0.25 
org.eclipse.jgit.http.server.SmartServiceInfoRefs$Chain 0.35 0.09523809523809523 0.08 0.14285714285714285 0.25925925925925924 0.25925925925925924 0.09375 0.16666666666666666 0.17391304347826086 0.2 0.2 0.18181818181818182 0.21052631578947367 0.16666666666666666 0.16666666666666666 0.16666666666666666 0.16666666666666666 0.16666666666666666 0.047619047619047616 0.047619047619047616 0.3235294117647059 0.3235294117647059 0.3235294117647059 0.3235294117647059 0.2857142857142857 0.14705882352941177 0.2727272727272727 1.0 1.0 0.23809523809523808 0.047619047619047616 0.047619047619047616 0.3170731707317073 0.3170731707317073 0.3170731707317073 0.3170731707317073 0.15 0.16666666666666666 0.16666666666666666 0.18181818181818182 0.19047619047619047 0.19047619047619047 0.16 0.2 0.2 0.09523809523809523 0.21739130434782608 0.23809523809523808 0.23809523809523808 0.13636363636363635 0.13636363636363635 0.13636363636363635 0.13636363636363635 0.15 0.23809523809523808 0.23809523809523808 0.23809523809523808 0.3181818181818182 0.3181818181818182 0.25 0.25 
org.eclipse.jgit.http.server.TextFileServlet 0.5454545454545454 0.18181818181818182 0.3076923076923077 0.15789473684210525 0.3333333333333333 0.3333333333333333 0.08695652173913043 0.125 0.5454545454545454 0.3 0.3 0.6 0.625 0.5 0.5 0.5 0.5 0.5 0.09090909090909091 0.09090909090909091 0.12903225806451613 0.12903225806451613 0.12903225806451613 0.12903225806451613 0.3 0.20833333333333334 0.2857142857142857 0.23809523809523808 0.23809523809523808 1.0 0.09090909090909091 0.09090909090909091 0.1 0.1 0.1 0.1 0.625 0.2857142857142857 0.2857142857142857 0.45454545454545453 0.36363636363636365 0.36363636363636365 0.46153846153846156 0.42857142857142855 0.42857142857142855 0.3 0.38461538461538464 0.6 0.6 0.36363636363636365 0.36363636363636365 0.36363636363636365 0.36363636363636365 0.4444444444444444 0.45454545454545453 0.45454545454545453 0.45454545454545453 0.46153846153846156 0.46153846153846156 0.42857142857142855 0.42857142857142855 
org.eclipse.jgit.http.server.UploadPackErrorHandler 0.08333333333333333 0.0 0.0 0.125 0.05263157894736842 0.05263157894736842 0.0 0.0 0.08333333333333333 0.047619047619047616 0.047619047619047616 0.09090909090909091 0.125 0.07692307692307693 0.07692307692307693 0.07692307692307693 0.07692307692307693 0.07692307692307693 0.3333333333333333 0.3333333333333333 0.03333333333333333 0.03333333333333333 0.03333333333333333 0.03333333333333333 0.047619047619047616 0.0 0.07692307692307693 0.047619047619047616 0.047619047619047616 0.09090909090909091 1.0 1.0 0.08108108108108109 0.08108108108108109 0.08108108108108109 0.08108108108108109 0.125 0.07692307692307693 0.07692307692307693 0.09090909090909091 0.1 0.1 0.07142857142857142 0.06666666666666667 0.06666666666666667 0.0 0.16666666666666666 0.09090909090909091 0.09090909090909091 0.0 0.0 0.0 0.0 0.125 0.0 0.0 0.0 0.07142857142857142 0.07142857142857142 0.06666666666666667 0.06666666666666667 
org.eclipse.jgit.http.server.UploadPackErrorHandler$UploadPackRunnable 0.08333333333333333 0.0 0.0 0.125 0.05263157894736842 0.05263157894736842 0.0 0.0 0.08333333333333333 0.047619047619047616 0.047619047619047616 0.09090909090909091 0.125 0.07692307692307693 0.07692307692307693 0.07692307692307693 0.07692307692307693 0.07692307692307693 0.3333333333333333 0.3333333333333333 0.03333333333333333 0.03333333333333333 0.03333333333333333 0.03333333333333333 0.047619047619047616 0.0 0.07692307692307693 0.047619047619047616 0.047619047619047616 0.09090909090909091 1.0 1.0 0.08108108108108109 0.08108108108108109 0.08108108108108109 0.08108108108108109 0.125 0.07692307692307693 0.07692307692307693 0.09090909090909091 0.1 0.1 0.07142857142857142 0.06666666666666667 0.06666666666666667 0.0 0.16666666666666666 0.09090909090909091 0.09090909090909091 0.0 0.0 0.0 0.0 0.125 0.0 0.0 0.0 0.07142857142857142 0.07142857142857142 0.06666666666666667 0.06666666666666667 
org.eclipse.jgit.http.server.UploadPackServlet 0.15384615384615385 0.10810810810810811 0.046511627906976744 0.1111111111111111 0.18181818181818182 0.18181818181818182 0.10416666666666667 0.1794871794871795 0.0975609756097561 0.14893617021276595 0.14893617021276595 0.1 0.10810810810810811 0.06976744186046512 0.06976744186046512 0.06976744186046512 0.06976744186046512 0.06976744186046512 0.02564102564102564 0.02564102564102564 0.5 0.5 0.5 0.5 0.22727272727272727 0.16326530612244897 0.15 0.3170731707317073 0.3170731707317073 0.1 0.08108108108108109 0.08108108108108109 1.0 1.0 1.0 1.0 0.07894736842105263 0.09523809523809523 0.09523809523809523 0.1282051282051282 0.10256410256410256 0.10256410256410256 0.11904761904761904 0.09090909090909091 0.09090909090909091 0.05128205128205128 0.12195121951219512 0.1 0.1 0.04878048780487805 0.04878048780487805 0.04878048780487805 0.04878048780487805 0.07894736842105263 0.1 0.1 0.1 0.11904761904761904 0.11904761904761904 0.17073170731707318 0.17073170731707318 
org.eclipse.jgit.http.server.UploadPackServlet$1 0.15384615384615385 0.10810810810810811 0.046511627906976744 0.1111111111111111 0.18181818181818182 0.18181818181818182 0.10416666666666667 0.1794871794871795 0.0975609756097561 0.14893617021276595 0.14893617021276595 0.1 0.10810810810810811 0.06976744186046512 0.06976744186046512 0.06976744186046512 0.06976744186046512 0.06976744186046512 0.02564102564102564 0.02564102564102564 0.5 0.5 0.5 0.5 0.22727272727272727 0.16326530612244897 0.15 0.3170731707317073 0.3170731707317073 0.1 0.08108108108108109 0.08108108108108109 1.0 1.0 1.0 1.0 0.07894736842105263 0.09523809523809523 0.09523809523809523 0.1282051282051282 0.10256410256410256 0.10256410256410256 0.11904761904761904 0.09090909090909091 0.09090909090909091 0.05128205128205128 0.12195121951219512 0.1 0.1 0.04878048780487805 0.04878048780487805 0.04878048780487805 0.04878048780487805 0.07894736842105263 0.1 0.1 0.1 0.11904761904761904 0.11904761904761904 0.17073170731707318 0.17073170731707318 
org.eclipse.jgit.http.server.UploadPackServlet$Factory 0.15384615384615385 0.10810810810810811 0.046511627906976744 0.1111111111111111 0.18181818181818182 0.18181818181818182 0.10416666666666667 0.1794871794871795 0.0975609756097561 0.14893617021276595 0.14893617021276595 0.1 0.10810810810810811 0.06976744186046512 0.06976744186046512 0.06976744186046512 0.06976744186046512 0.06976744186046512 0.02564102564102564 0.02564102564102564 0.5 0.5 0.5 0.5 0.22727272727272727 0.16326530612244897 0.15 0.3170731707317073 0.3170731707317073 0.1 0.08108108108108109 0.08108108108108109 1.0 1.0 1.0 1.0 0.07894736842105263 0.09523809523809523 0.09523809523809523 0.1282051282051282 0.10256410256410256 0.10256410256410256 0.11904761904761904 0.09090909090909091 0.09090909090909091 0.05128205128205128 0.12195121951219512 0.1 0.1 0.04878048780487805 0.04878048780487805 0.04878048780487805 0.04878048780487805 0.07894736842105263 0.1 0.1 0.1 0.11904761904761904 0.11904761904761904 0.17073170731707318 0.17073170731707318 
org.eclipse.jgit.http.server.UploadPackServlet$InfoRefs 0.15384615384615385 0.10810810810810811 0.046511627906976744 0.1111111111111111 0.18181818181818182 0.18181818181818182 0.10416666666666667 0.1794871794871795 0.0975609756097561 0.14893617021276595 0.14893617021276595 0.1 0.10810810810810811 0.06976744186046512 0.06976744186046512 0.06976744186046512 0.06976744186046512 0.06976744186046512 0.02564102564102564 0.02564102564102564 0.5 0.5 0.5 0.5 0.22727272727272727 0.16326530612244897 0.15 0.3170731707317073 0.3170731707317073 0.1 0.08108108108108109 0.08108108108108109 1.0 1.0 1.0 1.0 0.07894736842105263 0.09523809523809523 0.09523809523809523 0.1282051282051282 0.10256410256410256 0.10256410256410256 0.11904761904761904 0.09090909090909091 0.09090909090909091 0.05128205128205128 0.12195121951219512 0.1 0.1 0.04878048780487805 0.04878048780487805 0.04878048780487805 0.04878048780487805 0.07894736842105263 0.1 0.1 0.1 0.11904761904761904 0.11904761904761904 0.17073170731707318 0.17073170731707318 
org.eclipse.jgit.http.server.glue.ErrorServlet 0.4 0.25 0.2727272727272727 0.1875 0.3125 0.3125 0.1 0.15384615384615385 0.5555555555555556 0.2777777777777778 0.2777777777777778 0.625 0.6666666666666666 0.5 0.5 0.5 0.5 0.5 0.125 0.125 0.10344827586206896 0.10344827586206896 0.10344827586206896 0.10344827586206896 0.2777777777777778 0.18181818181818182 0.25 0.15 0.15 0.625 0.125 0.125 0.07894736842105263 0.07894736842105263 0.07894736842105263 0.07894736842105263 1.0 0.25 0.25 0.4444444444444444 0.3333333333333333 0.3333333333333333 0.45454545454545453 0.3076923076923077 0.3076923076923077 0.42857142857142855 0.36363636363636365 0.4444444444444444 0.4444444444444444 0.2 0.2 0.2 0.2 0.6666666666666666 0.3 0.3 0.3 0.3333333333333333 0.3333333333333333 0.3076923076923077 0.3076923076923077 
org.eclipse.jgit.http.server.glue.MetaFilter 0.26666666666666666 0.15384615384615385 0.05555555555555555 0.2631578947368421 0.23809523809523808 0.23809523809523808 0.08 0.1111111111111111 0.26666666666666666 0.16666666666666666 0.16666666666666666 0.2857142857142857 0.36363636363636365 0.17647058823529413 0.17647058823529413 0.17647058823529413 0.17647058823529413 0.17647058823529413 0.07692307692307693 0.07692307692307693 0.12121212121212122 0.12121212121212122 0.12121212121212122 0.12121212121212122 0.16666666666666666 0.06896551724137931 0.25 0.16666666666666666 0.16666666666666666 0.2857142857142857 0.07692307692307693 0.07692307692307693 0.09523809523809523 0.09523809523809523 0.09523809523809523 0.09523809523809523 0.25 1.0 1.0 0.38461538461538464 0.5454545454545454 0.5454545454545454 0.3125 0.375 0.375 0.15384615384615385 0.3333333333333333 0.2857142857142857 0.2857142857142857 0.3076923076923077 0.3076923076923077 0.3076923076923077 0.3076923076923077 0.25 0.2 0.2 0.2 0.23529411764705882 0.23529411764705882 0.2222222222222222 0.2222222222222222 
org.eclipse.jgit.http.server.glue.MetaFilter$1 0.26666666666666666 0.15384615384615385 0.05555555555555555 0.2631578947368421 0.23809523809523808 0.23809523809523808 0.08 0.1111111111111111 0.26666666666666666 0.16666666666666666 0.16666666666666666 0.2857142857142857 0.36363636363636365 0.17647058823529413 0.17647058823529413 0.17647058823529413 0.17647058823529413 0.17647058823529413 0.07692307692307693 0.07692307692307693 0.12121212121212122 0.12121212121212122 0.12121212121212122 0.12121212121212122 0.16666666666666666 0.06896551724137931 0.25 0.16666666666666666 0.16666666666666666 0.2857142857142857 0.07692307692307693 0.07692307692307693 0.09523809523809523 0.09523809523809523 0.09523809523809523 0.09523809523809523 0.25 1.0 1.0 0.38461538461538464 0.5454545454545454 0.5454545454545454 0.3125 0.375 0.375 0.15384615384615385 0.3333333333333333 0.2857142857142857 0.2857142857142857 0.3076923076923077 0.3076923076923077 0.3076923076923077 0.3076923076923077 0.25 0.2 0.2 0.2 0.23529411764705882 0.23529411764705882 0.2222222222222222 0.2222222222222222 
