org.eclipse.jgit.console.ConsoleAuthenticator 1.0 0.5 0.16 0.21428571428571427 0.2777777777777778 0.13333333333333333 0.14814814814814814 0.17857142857142858 0.10344827586206896 0.2727272727272727 0.1111111111111111 0.13333333333333333 0.15 0.3333333333333333 0.09433962264150944 0.05813953488372093 0.16666666666666666 0.13157894736842105 0.14285714285714285 0.15384615384615385 0.125 0.0 0.0 0.2631578947368421 0.16666666666666666 0.17647058823529413 0.3125 0.3125 0.10526315789473684 0.18181818181818182 0.125 0.09090909090909091 0.20833333333333334 0.19047619047619047 0.1206896551724138 0.1206896551724138 0.1206896551724138 0.14705882352941177 0.3125 0.0 0.0 0.14705882352941177 0.04065040650406504 0.25 0.2 0.21428571428571427 0.16666666666666666 0.25 0.16666666666666666 0.15625 0.23529411764705882 0.18181818181818182 0.2 0.14285714285714285 0.1282051282051282 0.14285714285714285 0.14285714285714285 0.02214022140221402 0.25 0.23076923076923078 0.23076923076923078 0.12903225806451613 0.12903225806451613 0.12903225806451613 0.12903225806451613 0.12903225806451613 0.12903225806451613 0.12903225806451613 0.25 0.25 0.25 0.25 0.25 0.25 0.0 0.3333333333333333 0.2727272727272727 0.13513513513513514 0.13513513513513514 0.13513513513513514 0.25 0.3125 0.3125 0.3125 0.3125 0.3125 0.2222222222222222 0.14285714285714285 0.14285714285714285 0.125 0.125 0.125 0.125 0.125 0.125 0.125 0.125 0.125 0.125 0.125 0.3 0.3333333333333333 0.25 0.25 0.05194805194805195 0.05194805194805195 0.1111111111111111 0.0 0.20833333333333334 0.22727272727272727 0.22727272727272727 0.2222222222222222 0.1111111111111111 0.3333333333333333 0.2222222222222222 0.3333333333333333 0.45454545454545453 0.35294117647058826 0.29411764705882354 0.3333333333333333 0.25 
org.eclipse.jgit.console.ConsoleCredentialsProvider 0.5 1.0 0.10714285714285714 0.1875 0.19047619047619047 0.125 0.13793103448275862 0.12903225806451613 0.0967741935483871 0.23076923076923078 0.08333333333333333 0.11764705882352941 0.13636363636363635 0.2222222222222222 0.07142857142857142 0.056818181818181816 0.14285714285714285 0.0975609756097561 0.13043478260869565 0.13333333333333333 0.09302325581395349 0.0 0.0 0.18181818181818182 0.1111111111111111 0.15789473684210525 0.21052631578947367 0.21052631578947367 0.07317073170731707 0.12 0.09302325581395349 0.07692307692307693 0.14814814814814814 0.125 0.09836065573770492 0.09836065573770492 0.09836065573770492 0.1388888888888889 0.21052631578947367 0.0 0.0 0.10810810810810811 0.031746031746031744 0.2222222222222222 0.17647058823529413 0.1875 0.15 0.21428571428571427 0.15384615384615385 0.11428571428571428 0.15 0.16666666666666666 0.18181818181818182 0.16666666666666666 0.09523809523809523 0.10526315789473684 0.10526315789473684 0.01824817518248175 0.15789473684210525 0.2 0.2 0.12121212121212122 0.12121212121212122 0.12121212121212122 0.12121212121212122 0.12121212121212122 0.12121212121212122 0.12121212121212122 0.2222222222222222 0.2222222222222222 0.2222222222222222 0.2222222222222222 0.2222222222222222 0.15789473684210525 0.0 0.2222222222222222 0.23076923076923078 0.1282051282051282 0.1282051282051282 0.1282051282051282 0.15789473684210525 0.21052631578947367 0.21052631578947367 0.21052631578947367 0.21052631578947367 0.21052631578947367 0.2 0.13043478260869565 0.13043478260869565 0.15151515151515152 0.15151515151515152 0.15151515151515152 0.15151515151515152 0.15151515151515152 0.15151515151515152 0.15151515151515152 0.15151515151515152 0.15151515151515152 0.15151515151515152 0.15151515151515152 0.25 0.2 0.21428571428571427 0.21428571428571427 0.0375 0.0375 0.09090909090909091 0.0 0.14814814814814814 0.20833333333333334 0.20833333333333334 0.18181818181818182 0.09090909090909091 0.2222222222222222 0.18181818181818182 0.2222222222222222 0.2857142857142857 0.25 0.2 0.2222222222222222 0.21428571428571427 
org.eclipse.jgit.pgm.AbstractFetchCommand 0.16 0.10714285714285714 1.0 0.07142857142857142 0.38461538461538464 0.06818181818181818 0.2222222222222222 0.3142857142857143 0.0975609756097561 0.08 0.18867924528301888 0.1111111111111111 0.2 0.32 0.12698412698412698 0.09473684210526316 0.038461538461538464 0.21739130434782608 0.05714285714285714 0.16666666666666666 0.20833333333333334 0.0 0.0 0.1935483870967742 0.17142857142857143 0.06451612903225806 0.25925925925925924 0.25925925925925924 0.12244897959183673 0.18181818181818182 0.23404255319148937 0.041666666666666664 0.23529411764705882 0.1875 0.13043478260869565 0.13043478260869565 0.13043478260869565 0.10638297872340426 0.21428571428571427 0.037037037037037035 0.037037037037037035 0.4444444444444444 0.07633587786259542 0.1 0.10714285714285714 0.07142857142857142 0.0967741935483871 0.21739130434782608 0.1388888888888889 0.19047619047619047 0.13333333333333333 0.25806451612903225 0.23333333333333334 0.08163265306122448 0.16326530612244897 0.23255813953488372 0.23255813953488372 0.03202846975088968 0.2222222222222222 0.07407407407407407 0.07407407407407407 0.23076923076923078 0.23076923076923078 0.23076923076923078 0.23076923076923078 0.23076923076923078 0.23076923076923078 0.23076923076923078 0.06451612903225806 0.06451612903225806 0.06451612903225806 0.06451612903225806 0.06451612903225806 0.375 0.0 0.375 0.08 0.25 0.25 0.25 0.375 0.3076923076923077 0.3076923076923077 0.3076923076923077 0.3076923076923077 0.3076923076923077 0.25 0.15625 0.15625 0.2894736842105263 0.2894736842105263 0.2894736842105263 0.2894736842105263 0.2894736842105263 0.2894736842105263 0.2894736842105263 0.2894736842105263 0.2894736842105263 0.2894736842105263 0.2894736842105263 0.08333333333333333 0.20833333333333334 0.07692307692307693 0.07692307692307693 0.06818181818181818 0.06818181818181818 0.045454545454545456 0.0 0.2 0.21212121212121213 0.21212121212121213 0.043478260869565216 0.0 0.2222222222222222 0.043478260869565216 0.2222222222222222 0.2608695652173913 0.2413793103448276 0.20689655172413793 0.2222222222222222 0.07692307692307693 
org.eclipse.jgit.pgm.Add 0.21428571428571427 0.1875 0.07142857142857142 1.0 0.14285714285714285 0.12903225806451613 0.14285714285714285 0.1724137931034483 0.17857142857142858 0.25 0.0625 0.125 0.14285714285714285 0.16666666666666666 0.09259259259259259 0.045454545454545456 0.15384615384615385 0.1 0.19047619047619047 0.14285714285714285 0.06976744186046512 0.0 0.0 0.19047619047619047 0.16 0.16666666666666666 0.15789473684210525 0.15789473684210525 0.075 0.125 0.09523809523809523 0.08333333333333333 0.15384615384615385 0.18181818181818182 0.06451612903225806 0.06451612903225806 0.06451612903225806 0.1111111111111111 0.2222222222222222 0.0 0.0 0.14285714285714285 0.023809523809523808 0.23529411764705882 0.1875 0.2 0.2222222222222222 0.23076923076923078 0.16 0.11764705882352941 0.29411764705882354 0.125 0.13636363636363635 0.1388888888888889 0.0975609756097561 0.07894736842105263 0.07894736842105263 0.014598540145985401 0.16666666666666666 0.21428571428571427 0.21428571428571427 0.125 0.125 0.125 0.125 0.125 0.125 0.125 0.16666666666666666 0.16666666666666666 0.16666666666666666 0.16666666666666666 0.16666666666666666 0.16666666666666666 0.0 0.16666666666666666 0.25 0.10256410256410256 0.10256410256410256 0.10256410256410256 0.16666666666666666 0.15789473684210525 0.15789473684210525 0.15789473684210525 0.15789473684210525 0.15789473684210525 0.15 0.13636363636363635 0.13636363636363635 0.12121212121212122 0.12121212121212122 0.12121212121212122 0.12121212121212122 0.12121212121212122 0.12121212121212122 0.12121212121212122 0.12121212121212122 0.12121212121212122 0.12121212121212122 0.12121212121212122 0.2727272727272727 0.21428571428571427 0.23076923076923078 0.23076923076923078 0.0379746835443038 0.0379746835443038 0.1 0.0 0.1111111111111111 0.16666666666666666 0.16666666666666666 0.2 0.1 0.16666666666666666 0.2 0.23529411764705882 0.21428571428571427 0.14285714285714285 0.15 0.16666666666666666 0.23076923076923078 
org.eclipse.jgit.pgm.AmazonS3Client 0.2777777777777778 0.19047619047619047 0.38461538461538464 0.14285714285714285 1.0 0.10810810810810811 0.26666666666666666 0.25 0.14705882352941177 0.16666666666666666 0.14 0.09090909090909091 0.15384615384615385 0.35 0.14035087719298245 0.07692307692307693 0.10526315789473684 0.19047619047619047 0.10714285714285714 0.15789473684210525 0.20930232558139536 0.0 0.0 0.24 0.12903225806451613 0.125 0.2727272727272727 0.2727272727272727 0.11363636363636363 0.2222222222222222 0.18181818181818182 0.05555555555555555 0.2413793103448276 0.23076923076923078 0.125 0.125 0.125 0.15 0.2727272727272727 0.047619047619047616 0.047619047619047616 0.3142857142857143 0.07142857142857142 0.17391304347826086 0.19047619047619047 0.14285714285714285 0.12 0.2222222222222222 0.16666666666666666 0.1891891891891892 0.16666666666666666 0.2692307692307692 0.24 0.11904761904761904 0.1590909090909091 0.2702702702702703 0.2702702702702703 0.028985507246376812 0.2857142857142857 0.15 0.15 0.23529411764705882 0.23529411764705882 0.23529411764705882 0.23529411764705882 0.23529411764705882 0.23529411764705882 0.23529411764705882 0.125 0.125 0.125 0.125 0.125 0.42105263157894735 0.0 0.5 0.16666666666666666 0.1951219512195122 0.1951219512195122 0.1951219512195122 0.42105263157894735 0.4 0.4 0.4 0.4 0.4 0.3181818181818182 0.14814814814814814 0.14814814814814814 0.22857142857142856 0.22857142857142856 0.22857142857142856 0.22857142857142856 0.22857142857142856 0.22857142857142856 0.22857142857142856 0.22857142857142856 0.22857142857142856 0.22857142857142856 0.22857142857142856 0.17647058823529413 0.2777777777777778 0.15789473684210525 0.15789473684210525 0.060240963855421686 0.060240963855421686 0.0625 0.0 0.16129032258064516 0.21428571428571427 0.21428571428571427 0.125 0.0625 0.22727272727272727 0.125 0.22727272727272727 0.2777777777777778 0.25 0.20833333333333334 0.22727272727272727 0.15789473684210525 
org.eclipse.jgit.pgm.Archive 0.13333333333333333 0.125 0.06818181818181818 0.12903225806451613 0.10810810810810811 1.0 0.08888888888888889 0.10869565217391304 0.1111111111111111 0.10344827586206896 0.07936507936507936 0.06060606060606061 0.05128205128205128 0.11764705882352941 0.07042253521126761 0.02830188679245283 0.06666666666666667 0.07017543859649122 0.10526315789473684 0.06451612903225806 0.06779661016949153 0.0 0.0 0.10526315789473684 0.09523809523809523 0.08571428571428572 0.11428571428571428 0.11428571428571428 0.05263157894736842 0.1 0.06779661016949153 0.034482758620689655 0.06818181818181818 0.075 0.05063291139240506 0.05063291139240506 0.05063291139240506 0.11764705882352941 0.11428571428571428 0.0 0.0 0.09615384615384616 0.028169014084507043 0.11764705882352941 0.09090909090909091 0.09375 0.11428571428571428 0.1 0.09523809523809523 0.1 0.11428571428571428 0.1 0.07692307692307693 0.11538461538461539 0.08771929824561403 0.09433962264150944 0.09433962264150944 0.017241379310344827 0.11764705882352941 0.0967741935483871 0.0967741935483871 0.08163265306122448 0.08163265306122448 0.08163265306122448 0.08163265306122448 0.08163265306122448 0.08163265306122448 0.08163265306122448 0.11764705882352941 0.11764705882352941 0.11764705882352941 0.11764705882352941 0.11764705882352941 0.11764705882352941 0.0 0.11764705882352941 0.10344827586206896 0.07142857142857142 0.07142857142857142 0.07142857142857142 0.11764705882352941 0.11428571428571428 0.11428571428571428 0.11428571428571428 0.11428571428571428 0.11428571428571428 0.08108108108108109 0.07692307692307693 0.07692307692307693 0.08 0.08 0.08 0.08 0.08 0.08 0.08 0.08 0.08 0.08 0.08 0.10714285714285714 0.13333333333333333 0.1 0.1 0.11235955056179775 0.11235955056179775 0.037037037037037035 0.0 0.11904761904761904 0.0975609756097561 0.0975609756097561 0.07407407407407407 0.037037037037037035 0.15151515151515152 0.07407407407407407 0.15151515151515152 0.1724137931034483 0.1388888888888889 0.14285714285714285 0.15151515151515152 0.1 
org.eclipse.jgit.pgm.Blame 0.14814814814814814 0.13793103448275862 0.2222222222222222 0.14285714285714285 0.26666666666666666 0.08888888888888889 1.0 0.2 0.14634146341463414 0.11538461538461539 0.1016949152542373 0.06666666666666667 0.11764705882352941 0.16666666666666666 0.10606060606060606 0.06 0.07407407407407407 0.13725490196078433 0.08333333333333333 0.07142857142857142 0.17647058823529413 0.0 0.0 0.14705882352941177 0.075 0.09375 0.16129032258064516 0.16129032258064516 0.07547169811320754 0.1388888888888889 0.15384615384615385 0.038461538461538464 0.15789473684210525 0.14285714285714285 0.1111111111111111 0.1111111111111111 0.1111111111111111 0.14893617021276595 0.16129032258064516 0.034482758620689655 0.034482758620689655 0.22727272727272727 0.043795620437956206 0.16666666666666666 0.1 0.10344827586206896 0.09090909090909091 0.15384615384615385 0.13157894736842105 0.10638297872340426 0.125 0.20588235294117646 0.14705882352941177 0.14583333333333334 0.11320754716981132 0.12244897959183673 0.12244897959183673 0.02456140350877193 0.16666666666666666 0.10714285714285714 0.10714285714285714 0.25 0.25 0.25 0.25 0.25 0.25 0.25 0.09375 0.09375 0.09375 0.09375 0.09375 0.25 0.0 0.2962962962962963 0.11538461538461539 0.14 0.14 0.14 0.25 0.16129032258064516 0.16129032258064516 0.16129032258064516 0.16129032258064516 0.16129032258064516 0.23333333333333334 0.11428571428571428 0.11428571428571428 0.24390243902439024 0.24390243902439024 0.24390243902439024 0.24390243902439024 0.24390243902439024 0.24390243902439024 0.24390243902439024 0.24390243902439024 0.24390243902439024 0.24390243902439024 0.24390243902439024 0.12 0.14814814814814814 0.1111111111111111 0.1111111111111111 0.06666666666666667 0.06666666666666667 0.041666666666666664 0.0 0.1282051282051282 0.16666666666666666 0.16666666666666666 0.08333333333333333 0.041666666666666664 0.12903225806451613 0.08333333333333333 0.16666666666666666 0.14814814814814814 0.15151515151515152 0.12121212121212122 0.12903225806451613 0.1111111111111111 
org.eclipse.jgit.pgm.Branch 0.17857142857142858 0.12903225806451613 0.3142857142857143 0.1724137931034483 0.25 0.10869565217391304 0.2 1.0 0.16666666666666666 0.10714285714285714 0.13559322033898305 0.0967741935483871 0.21212121212121213 0.32142857142857145 0.20967741935483872 0.10204081632653061 0.06896551724137931 0.22448979591836735 0.10810810810810811 0.14285714285714285 0.16981132075471697 0.0 0.0 0.24242424242424243 0.15384615384615385 0.08823529411764706 0.26666666666666666 0.26666666666666666 0.11320754716981132 0.19444444444444445 0.2916666666666667 0.03571428571428571 0.2777777777777778 0.23529411764705882 0.15492957746478872 0.15492957746478872 0.15492957746478872 0.19148936170212766 0.26666666666666666 0.0 0.0 0.3023255813953488 0.08208955223880597 0.15625 0.12903225806451613 0.0967741935483871 0.11764705882352941 0.23076923076923078 0.21621621621621623 0.22727272727272727 0.22580645161290322 0.2647058823529412 0.3225806451612903 0.16326530612244897 0.19607843137254902 0.2127659574468085 0.2127659574468085 0.038869257950530034 0.23333333333333334 0.1 0.1 0.20930232558139536 0.20930232558139536 0.20930232558139536 0.20930232558139536 0.20930232558139536 0.20930232558139536 0.20930232558139536 0.08823529411764706 0.08823529411764706 0.08823529411764706 0.08823529411764706 0.08823529411764706 0.27586206896551724 0.0 0.27586206896551724 0.10714285714285714 0.3111111111111111 0.3111111111111111 0.3111111111111111 0.27586206896551724 0.26666666666666666 0.26666666666666666 0.26666666666666666 0.26666666666666666 0.26666666666666666 0.18181818181818182 0.10810810810810811 0.10810810810810811 0.23255813953488372 0.23255813953488372 0.23255813953488372 0.23255813953488372 0.23255813953488372 0.23255813953488372 0.23255813953488372 0.23255813953488372 0.23255813953488372 0.23255813953488372 0.23255813953488372 0.1111111111111111 0.2222222222222222 0.10344827586206896 0.10344827586206896 0.07692307692307693 0.07692307692307693 0.038461538461538464 0.0 0.21052631578947367 0.29411764705882354 0.29411764705882354 0.07692307692307693 0.038461538461538464 0.23333333333333334 0.12 0.27586206896551724 0.2692307692307692 0.25 0.21875 0.23333333333333334 0.10344827586206896 
org.eclipse.jgit.pgm.Checkout 0.10344827586206896 0.0967741935483871 0.0975609756097561 0.17857142857142858 0.14705882352941177 0.1111111111111111 0.14634146341463414 0.16666666666666666 1.0 0.1111111111111111 0.1 0.06451612903225806 0.08333333333333333 0.125 0.1044776119402985 0.049019607843137254 0.07142857142857142 0.11320754716981132 0.1111111111111111 0.06896551724137931 0.08928571428571429 0.0 0.0 0.14285714285714285 0.1 0.09090909090909091 0.12121212121212122 0.12121212121212122 0.05454545454545454 0.13513513513513514 0.10909090909090909 0.07692307692307693 0.125 0.17142857142857143 0.08 0.08 0.08 0.12244897959183673 0.15625 0.0 0.0 0.14583333333333334 0.043478260869565216 0.125 0.0967741935483871 0.1 0.1935483870967742 0.14814814814814814 0.1282051282051282 0.1276595744680851 0.15625 0.13513513513513514 0.1111111111111111 0.16666666666666666 0.1320754716981132 0.09803921568627451 0.09803921568627451 0.024475524475524476 0.16129032258064516 0.10344827586206896 0.10344827586206896 0.13333333333333333 0.13333333333333333 0.13333333333333333 0.13333333333333333 0.13333333333333333 0.13333333333333333 0.13333333333333333 0.09090909090909091 0.09090909090909091 0.09090909090909091 0.09090909090909091 0.09090909090909091 0.16129032258064516 0.0 0.16129032258064516 0.1111111111111111 0.11538461538461539 0.11538461538461539 0.11538461538461539 0.16129032258064516 0.12121212121212122 0.12121212121212122 0.12121212121212122 0.12121212121212122 0.12121212121212122 0.11764705882352941 0.14285714285714285 0.14285714285714285 0.13043478260869565 0.13043478260869565 0.13043478260869565 0.13043478260869565 0.13043478260869565 0.13043478260869565 0.13043478260869565 0.13043478260869565 0.13043478260869565 0.13043478260869565 0.13043478260869565 0.11538461538461539 0.14285714285714285 0.10714285714285714 0.10714285714285714 0.06593406593406594 0.06593406593406594 0.04 0.0 0.125 0.16216216216216217 0.16216216216216217 0.08 0.04 0.125 0.08 0.16129032258064516 0.14285714285714285 0.14705882352941177 0.15151515151515152 0.125 0.10714285714285714 
org.eclipse.jgit.pgm.Clean 0.2727272727272727 0.23076923076923078 0.08 0.25 0.16666666666666666 0.10344827586206896 0.11538461538461539 0.10714285714285714 0.1111111111111111 1.0 0.06666666666666667 0.15384615384615385 0.10526315789473684 0.2 0.05660377358490566 0.03488372093023256 0.2 0.07894736842105263 0.15789473684210525 0.18181818181818182 0.075 0.0 0.0 0.15789473684210525 0.13043478260869565 0.2 0.1875 0.1875 0.08108108108108109 0.14285714285714285 0.075 0.1111111111111111 0.125 0.15 0.05 0.05 0.05 0.08823529411764706 0.1875 0.0 0.0 0.08823529411764706 0.024390243902439025 0.2 0.23076923076923078 0.25 0.1875 0.3 0.13043478260869565 0.09375 0.1875 0.14285714285714285 0.15789473684210525 0.08571428571428572 0.07692307692307693 0.08571428571428572 0.08571428571428572 0.011029411764705883 0.2 0.2727272727272727 0.2727272727272727 0.1 0.1 0.1 0.1 0.1 0.1 0.1 0.2 0.2 0.2 0.2 0.2 0.2 0.0 0.2 0.3333333333333333 0.08108108108108109 0.08108108108108109 0.08108108108108109 0.2 0.1875 0.1875 0.1875 0.1875 0.1875 0.17647058823529413 0.15789473684210525 0.15789473684210525 0.0967741935483871 0.0967741935483871 0.0967741935483871 0.0967741935483871 0.0967741935483871 0.0967741935483871 0.0967741935483871 0.0967741935483871 0.0967741935483871 0.0967741935483871 0.0967741935483871 0.375 0.2727272727272727 0.3 0.3 0.039473684210526314 0.039473684210526314 0.14285714285714285 0.0 0.125 0.13636363636363635 0.13636363636363635 0.2857142857142857 0.14285714285714285 0.2 0.2857142857142857 0.2 0.2727272727272727 0.16666666666666666 0.17647058823529413 0.2 0.3 
org.eclipse.jgit.pgm.Clone 0.1111111111111111 0.08333333333333333 0.18867924528301888 0.0625 0.14 0.07936507936507936 0.1016949152542373 0.13559322033898305 0.1 0.06666666666666667 1.0 0.0625 0.07547169811320754 0.14893617021276595 0.10843373493975904 0.059322033898305086 0.043478260869565216 0.14925373134328357 0.05454545454545454 0.06521739130434782 0.09722222222222222 0.0 0.0 0.11538461538461539 0.14814814814814814 0.08 0.1702127659574468 0.1702127659574468 0.10144927536231885 0.22448979591836735 0.11267605633802817 0.022222222222222223 0.125 0.11320754716981132 0.125 0.125 0.125 0.08955223880597014 0.12244897959183673 0.0 0.0 0.15873015873015872 0.0728476821192053 0.10204081632653061 0.061224489795918366 0.0625 0.057692307692307696 0.11363636363636363 0.08771929824561403 0.09230769230769231 0.12244897959183673 0.1111111111111111 0.11538461538461539 0.07246376811594203 0.13043478260869565 0.15625 0.15625 0.03666666666666667 0.14893617021276595 0.06382978723404255 0.06382978723404255 0.11290322580645161 0.11290322580645161 0.11290322580645161 0.11290322580645161 0.11290322580645161 0.11290322580645161 0.11290322580645161 0.058823529411764705 0.058823529411764705 0.058823529411764705 0.058823529411764705 0.058823529411764705 0.14893617021276595 0.0 0.17391304347826086 0.06666666666666667 0.16923076923076924 0.16923076923076924 0.16923076923076924 0.14893617021276595 0.14583333333333334 0.14583333333333334 0.14583333333333334 0.14583333333333334 0.14583333333333334 0.12 0.13725490196078433 0.13725490196078433 0.12903225806451613 0.12903225806451613 0.12903225806451613 0.12903225806451613 0.12903225806451613 0.12903225806451613 0.12903225806451613 0.12903225806451613 0.12903225806451613 0.12903225806451613 0.12903225806451613 0.06818181818181818 0.13636363636363635 0.06521739130434782 0.06521739130434782 0.08490566037735849 0.08490566037735849 0.023255813953488372 0.0 0.125 0.1509433962264151 0.1509433962264151 0.046511627906976744 0.047619047619047616 0.125 0.046511627906976744 0.125 0.13636363636363635 0.16326530612244897 0.14285714285714285 0.125 0.06521739130434782 
org.eclipse.jgit.pgm.Command 0.13333333333333333 0.11764705882352941 0.1111111111111111 0.125 0.09090909090909091 0.06060606060606061 0.06666666666666667 0.0967741935483871 0.06451612903225806 0.15384615384615385 0.0625 1.0 0.14285714285714285 0.16666666666666666 0.05357142857142857 0.033707865168539325 0.07142857142857142 0.1 0.08695652173913043 0.23076923076923078 0.045454545454545456 0.0 0.0 0.13636363636363635 0.11538461538461539 0.10526315789473684 0.15789473684210525 0.15789473684210525 0.075 0.125 0.06976744186046512 0.08333333333333333 0.1111111111111111 0.13043478260869565 0.047619047619047616 0.047619047619047616 0.047619047619047616 0.05263157894736842 0.15789473684210525 0.0 0.0 0.08108108108108109 0.023809523809523808 0.10526315789473684 0.11764705882352941 0.125 0.1 0.23076923076923078 0.11538461538461539 0.08571428571428572 0.15789473684210525 0.08 0.13636363636363635 0.05128205128205128 0.07142857142857142 0.07894736842105263 0.07894736842105263 0.01090909090909091 0.16666666666666666 0.13333333333333333 0.13333333333333333 0.058823529411764705 0.058823529411764705 0.058823529411764705 0.058823529411764705 0.058823529411764705 0.058823529411764705 0.058823529411764705 0.10526315789473684 0.10526315789473684 0.10526315789473684 0.10526315789473684 0.10526315789473684 0.16666666666666666 0.0 0.16666666666666666 0.15384615384615385 0.075 0.075 0.075 0.16666666666666666 0.15789473684210525 0.15789473684210525 0.15789473684210525 0.15789473684210525 0.15789473684210525 0.15 0.08695652173913043 0.08695652173913043 0.05714285714285714 0.05714285714285714 0.05714285714285714 0.05714285714285714 0.05714285714285714 0.05714285714285714 0.05714285714285714 0.05714285714285714 0.05714285714285714 0.05714285714285714 0.05714285714285714 0.16666666666666666 0.21428571428571427 0.14285714285714285 0.14285714285714285 0.025 0.025 0.1 0.0 0.1111111111111111 0.12 0.12 0.09090909090909091 0.0 0.16666666666666666 0.09090909090909091 0.16666666666666666 0.21428571428571427 0.14285714285714285 0.15 0.16666666666666666 0.14285714285714285 
org.eclipse.jgit.pgm.CommandCatalog 0.15 0.13636363636363635 0.2 0.14285714285714285 0.15384615384615385 0.05128205128205128 0.11764705882352941 0.21212121212121213 0.08333333333333333 0.10526315789473684 0.07547169811320754 0.14285714285714285 1.0 0.35 0.1206896551724138 0.10112359550561797 0.05 0.21951219512195122 0.10714285714285714 0.2222222222222222 0.08333333333333333 0.0 0.0 0.19230769230769232 0.09375 0.08 0.3333333333333333 0.3333333333333333 0.06521739130434782 0.1 0.15555555555555556 0.05555555555555555 0.3333333333333333 0.18518518518518517 0.18032786885245902 0.18032786885245902 0.18032786885245902 0.06976744186046512 0.21739130434782608 0.0 0.0 0.15 0.0546875 0.125 0.19047619047619047 0.09090909090909091 0.07692307692307693 0.2222222222222222 0.16666666666666666 0.15789473684210525 0.16666666666666666 0.17857142857142858 0.24 0.09302325581395349 0.13333333333333333 0.14634146341463414 0.14634146341463414 0.028985507246376812 0.125 0.21052631578947367 0.21052631578947367 0.2 0.2 0.2 0.2 0.2 0.2 0.2 0.125 0.125 0.125 0.125 0.125 0.17391304347826086 0.0 0.17391304347826086 0.10526315789473684 0.1951219512195122 0.1951219512195122 0.1951219512195122 0.17391304347826086 0.2727272727272727 0.2727272727272727 0.2727272727272727 0.2727272727272727 0.2727272727272727 0.16 0.06896551724137931 0.06896551724137931 0.16216216216216217 0.16216216216216217 0.16216216216216217 0.16216216216216217 0.16216216216216217 0.16216216216216217 0.16216216216216217 0.16216216216216217 0.16216216216216217 0.16216216216216217 0.16216216216216217 0.1111111111111111 0.15 0.2222222222222222 0.2222222222222222 0.023255813953488372 0.023255813953488372 0.0625 0.0 0.16129032258064516 0.25925925925925924 0.25925925925925924 0.058823529411764705 0.0 0.17391304347826086 0.058823529411764705 0.22727272727272727 0.21052631578947367 0.25 0.20833333333333334 0.17391304347826086 0.1 
org.eclipse.jgit.pgm.CommandRef 0.3333333333333333 0.2222222222222222 0.32 0.16666666666666666 0.35 0.11764705882352941 0.16666666666666666 0.32142857142857145 0.125 0.2 0.14893617021276595 0.16666666666666666 0.35 1.0 0.14814814814814814 0.09195402298850575 0.125 0.23684210526315788 0.12 0.26666666666666666 0.16666666666666666 0.0 0.0 0.2727272727272727 0.18518518518518517 0.14285714285714285 0.47058823529411764 0.47058823529411764 0.12195121951219512 0.25 0.225 0.06666666666666667 0.32 0.2608695652173913 0.1694915254237288 0.1694915254237288 0.1694915254237288 0.13157894736842105 0.3157894736842105 0.0 0.0 0.22857142857142856 0.07317073170731707 0.2 0.2222222222222222 0.16666666666666666 0.13636363636363635 0.35714285714285715 0.18518518518518517 0.24242424242424243 0.25 0.30434782608695654 0.3333333333333333 0.1282051282051282 0.2 0.2571428571428571 0.2571428571428571 0.03308823529411765 0.3333333333333333 0.17647058823529413 0.17647058823529413 0.18181818181818182 0.18181818181818182 0.18181818181818182 0.18181818181818182 0.18181818181818182 0.18181818181818182 0.18181818181818182 0.14285714285714285 0.14285714285714285 0.14285714285714285 0.14285714285714285 0.14285714285714285 0.4117647058823529 0.0 0.4117647058823529 0.2 0.24324324324324326 0.24324324324324326 0.24324324324324326 0.4117647058823529 0.47058823529411764 0.47058823529411764 0.47058823529411764 0.47058823529411764 0.47058823529411764 0.23809523809523808 0.12 0.12 0.21212121212121213 0.21212121212121213 0.21212121212121213 0.21212121212121213 0.21212121212121213 0.21212121212121213 0.21212121212121213 0.21212121212121213 0.21212121212121213 0.21212121212121213 0.21212121212121213 0.21428571428571427 0.42857142857142855 0.1875 0.1875 0.04938271604938271 0.04938271604938271 0.07692307692307693 0.0 0.32 0.34782608695652173 0.34782608695652173 0.15384615384615385 0.07692307692307693 0.4117647058823529 0.15384615384615385 0.4117647058823529 0.5384615384615384 0.5 0.4444444444444444 0.4117647058823529 0.1875 
org.eclipse.jgit.pgm.Commit 0.09433962264150944 0.07142857142857142 0.12698412698412698 0.09259259259259259 0.14035087719298245 0.07042253521126761 0.10606060606060606 0.20967741935483872 0.1044776119402985 0.05660377358490566 0.10843373493975904 0.05357142857142857 0.1206896551724138 0.14814814814814814 1.0 0.09016393442622951 0.037037037037037035 0.13333333333333333 0.06451612903225806 0.07547169811320754 0.10126582278481013 0.0 0.0 0.11864406779661017 0.09375 0.05084745762711865 0.14545454545454545 0.14545454545454545 0.07692307692307693 0.11475409836065574 0.14473684210526316 0.018867924528301886 0.14516129032258066 0.11666666666666667 0.12631578947368421 0.12631578947368421 0.12631578947368421 0.125 0.125 0.0 0.0 0.14084507042253522 0.055900621118012424 0.08771929824561403 0.09090909090909091 0.05357142857142857 0.06779661016949153 0.11764705882352941 0.09375 0.11267605633802817 0.125 0.11475409836065574 0.11864406779661017 0.10810810810810811 0.30303030303030304 0.1232876712328767 0.1232876712328767 0.032362459546925564 0.12727272727272726 0.07407407407407407 0.07407407407407407 0.11594202898550725 0.11594202898550725 0.11594202898550725 0.11594202898550725 0.11594202898550725 0.11594202898550725 0.11594202898550725 0.05084745762711865 0.05084745762711865 0.05084745762711865 0.05084745762711865 0.05084745762711865 0.14814814814814814 0.0 0.14814814814814814 0.05660377358490566 0.2 0.2 0.2 0.14814814814814814 0.125 0.125 0.125 0.125 0.125 0.10344827586206896 0.06451612903225806 0.06451612903225806 0.13043478260869565 0.13043478260869565 0.13043478260869565 0.13043478260869565 0.13043478260869565 0.13043478260869565 0.13043478260869565 0.13043478260869565 0.13043478260869565 0.13043478260869565 0.13043478260869565 0.057692307692307696 0.11538461538461539 0.07547169811320754 0.07547169811320754 0.08849557522123894 0.08849557522123894 0.0196078431372549 0.0 0.109375 0.15 0.15 0.06 0.0196078431372549 0.12727272727272726 0.0392156862745098 0.14814814814814814 0.13725490196078433 0.14035087719298245 0.12280701754385964 0.12727272727272726 0.05555555555555555 
org.eclipse.jgit.pgm.Config 0.05813953488372093 0.056818181818181816 0.09473684210526316 0.045454545454545456 0.07692307692307693 0.02830188679245283 0.06 0.10204081632653061 0.049019607843137254 0.03488372093023256 0.059322033898305086 0.033707865168539325 0.10112359550561797 0.09195402298850575 0.09016393442622951 1.0 0.022988505747126436 0.11320754716981132 0.03125 0.046511627906976744 0.061946902654867256 0.0 0.0 0.1 0.05102040816326531 0.04395604395604396 0.09090909090909091 0.09090909090909091 0.05405405405405406 0.06315789473684211 0.1111111111111111 0.011627906976744186 0.11827956989247312 0.0989010989010989 0.10236220472440945 0.10236220472440945 0.10236220472440945 0.05555555555555555 0.10344827586206896 0.0 0.0 0.09615384615384616 0.05181347150259067 0.04395604395604396 0.0449438202247191 0.033707865168539325 0.043478260869565216 0.08433734939759036 0.08421052631578947 0.07692307692307693 0.06666666666666667 0.07446808510638298 0.1 0.05504587155963303 0.10185185185185185 0.08490566037735849 0.08490566037735849 0.029239766081871343 0.06741573033707865 0.05813953488372093 0.05813953488372093 0.0784313725490196 0.0784313725490196 0.0784313725490196 0.0784313725490196 0.0784313725490196 0.0784313725490196 0.0784313725490196 0.03260869565217391 0.03260869565217391 0.03260869565217391 0.03260869565217391 0.03260869565217391 0.09195402298850575 0.0 0.09195402298850575 0.03488372093023256 0.125 0.125 0.125 0.09195402298850575 0.07865168539325842 0.07865168539325842 0.07865168539325842 0.07865168539325842 0.07865168539325842 0.07777777777777778 0.06451612903225806 0.06451612903225806 0.09900990099009901 0.09900990099009901 0.09900990099009901 0.09900990099009901 0.09900990099009901 0.09900990099009901 0.09900990099009901 0.09900990099009901 0.09900990099009901 0.09900990099009901 0.09900990099009901 0.03529411764705882 0.07058823529411765 0.058823529411764705 0.058823529411764705 0.033112582781456956 0.033112582781456956 0.011904761904761904 0.0 0.061224489795918366 0.0967741935483871 0.0967741935483871 0.023809523809523808 0.011904761904761904 0.06741573033707865 0.023809523809523808 0.07954545454545454 0.07058823529411765 0.07692307692307693 0.06593406593406594 0.06741573033707865 0.046511627906976744 
org.eclipse.jgit.pgm.ConvertRefStorage 0.16666666666666666 0.14285714285714285 0.038461538461538464 0.15384615384615385 0.10526315789473684 0.06666666666666667 0.07407407407407407 0.06896551724137931 0.07142857142857142 0.2 0.043478260869565216 0.07142857142857142 0.05 0.125 0.037037037037037035 0.022988505747126436 1.0 0.05128205128205128 0.1 0.08333333333333333 0.04878048780487805 0.0 0.0 0.1 0.08333333333333333 0.125 0.11764705882352941 0.11764705882352941 0.05263157894736842 0.09090909090909091 0.04878048780487805 0.1111111111111111 0.08 0.09523809523809523 0.03278688524590164 0.03278688524590164 0.03278688524590164 0.05714285714285714 0.11764705882352941 0.0 0.0 0.05714285714285714 0.016129032258064516 0.125 0.14285714285714285 0.15384615384615385 0.11764705882352941 0.18181818181818182 0.08333333333333333 0.06060606060606061 0.11764705882352941 0.09090909090909091 0.1 0.05555555555555555 0.05 0.05555555555555555 0.05555555555555555 0.007326007326007326 0.125 0.16666666666666666 0.16666666666666666 0.06451612903225806 0.06451612903225806 0.06451612903225806 0.06451612903225806 0.06451612903225806 0.06451612903225806 0.06451612903225806 0.125 0.125 0.125 0.125 0.125 0.125 0.0 0.125 0.2 0.05263157894736842 0.05263157894736842 0.05263157894736842 0.125 0.11764705882352941 0.11764705882352941 0.11764705882352941 0.11764705882352941 0.11764705882352941 0.1111111111111111 0.1 0.1 0.0625 0.0625 0.0625 0.0625 0.0625 0.0625 0.0625 0.0625 0.0625 0.0625 0.0625 0.2222222222222222 0.16666666666666666 0.18181818181818182 0.18181818181818182 0.01282051282051282 0.01282051282051282 0.14285714285714285 0.0 0.08 0.08695652173913043 0.08695652173913043 0.2857142857142857 0.14285714285714285 0.125 0.125 0.125 0.16666666666666666 0.10526315789473684 0.1111111111111111 0.125 0.18181818181818182 
org.eclipse.jgit.pgm.Daemon 0.13157894736842105 0.0975609756097561 0.21739130434782608 0.1 0.19047619047619047 0.07017543859649122 0.13725490196078433 0.22448979591836735 0.11320754716981132 0.07894736842105263 0.14925373134328357 0.1 0.21951219512195122 0.23684210526315788 0.13333333333333333 0.11320754716981132 0.05128205128205128 1.0 0.0851063829787234 0.10526315789473684 0.14285714285714285 0.0 0.0 0.24390243902439024 0.1 0.09302325581395349 0.2631578947368421 0.2631578947368421 0.09523809523809523 0.15217391304347827 0.18032786885245902 0.02631578947368421 0.2727272727272727 0.20930232558139536 0.13580246913580246 0.13580246913580246 0.13580246913580246 0.1 0.23076923076923078 0.0 0.0 0.2222222222222222 0.09154929577464789 0.11904761904761904 0.0975609756097561 0.07317073170731707 0.06666666666666667 0.16666666666666666 0.14583333333333334 0.18518518518518517 0.17073170731707318 0.20454545454545456 0.18604651162790697 0.09836065573770492 0.14516129032258066 0.17543859649122806 0.17543859649122806 0.05190311418685121 0.175 0.075 0.075 0.19230769230769232 0.19230769230769232 0.19230769230769232 0.19230769230769232 0.19230769230769232 0.19230769230769232 0.19230769230769232 0.09302325581395349 0.09302325581395349 0.09302325581395349 0.09302325581395349 0.09302325581395349 0.20512820512820512 0.0 0.20512820512820512 0.07894736842105263 0.1896551724137931 0.1896551724137931 0.1896551724137931 0.20512820512820512 0.23076923076923078 0.23076923076923078 0.23076923076923078 0.23076923076923078 0.23076923076923078 0.13953488372093023 0.13333333333333333 0.13333333333333333 0.18867924528301888 0.18867924528301888 0.18867924528301888 0.18867924528301888 0.18867924528301888 0.18867924528301888 0.18867924528301888 0.18867924528301888 0.18867924528301888 0.18867924528301888 0.18867924528301888 0.08108108108108109 0.16216216216216217 0.07692307692307693 0.07692307692307693 0.058823529411764705 0.058823529411764705 0.027777777777777776 0.0 0.16666666666666666 0.2 0.2 0.05555555555555555 0.027777777777777776 0.175 0.05555555555555555 0.20512820512820512 0.19444444444444445 0.19047619047619047 0.16666666666666666 0.175 0.10526315789473684 
org.eclipse.jgit.pgm.Describe 0.14285714285714285 0.13043478260869565 0.05714285714285714 0.19047619047619047 0.10714285714285714 0.10526315789473684 0.08333333333333333 0.10810810810810811 0.1111111111111111 0.15789473684210525 0.05454545454545454 0.08695652173913043 0.10714285714285714 0.12 0.06451612903225806 0.03125 0.1 0.0851063829787234 1.0 0.09523809523809523 0.08163265306122448 0.0 0.0 0.14285714285714285 0.16129032258064516 0.12 0.11538461538461539 0.11538461538461539 0.06382978723404255 0.0967741935483871 0.06 0.05263157894736842 0.08823529411764706 0.13793103448275862 0.057971014492753624 0.057971014492753624 0.057971014492753624 0.09302325581395349 0.11538461538461539 0.0 0.0 0.09302325581395349 0.022556390977443608 0.16666666666666666 0.18181818181818182 0.13636363636363635 0.16 0.15 0.09090909090909091 0.0975609756097561 0.20833333333333334 0.13333333333333333 0.10344827586206896 0.09090909090909091 0.08333333333333333 0.06666666666666667 0.06666666666666667 0.010638297872340425 0.12 0.14285714285714285 0.14285714285714285 0.10256410256410256 0.10256410256410256 0.10256410256410256 0.10256410256410256 0.10256410256410256 0.10256410256410256 0.10256410256410256 0.12 0.12 0.12 0.12 0.12 0.12 0.0 0.12 0.15789473684210525 0.06382978723404255 0.06382978723404255 0.06382978723404255 0.12 0.11538461538461539 0.11538461538461539 0.11538461538461539 0.11538461538461539 0.11538461538461539 0.1111111111111111 0.10344827586206896 0.10344827586206896 0.1 0.1 0.1 0.1 0.1 0.1 0.1 0.1 0.1 0.1 0.1 0.16666666666666666 0.14285714285714285 0.15 0.15 0.047058823529411764 0.047058823529411764 0.058823529411764705 0.0 0.08823529411764706 0.12903225806451613 0.12903225806451613 0.11764705882352941 0.058823529411764705 0.12 0.11764705882352941 0.12 0.14285714285714285 0.10714285714285714 0.1111111111111111 0.12 0.15 
org.eclipse.jgit.pgm.Die 0.15384615384615385 0.13333333333333333 0.16666666666666666 0.14285714285714285 0.15789473684210525 0.06451612903225806 0.07142857142857142 0.14285714285714285 0.06896551724137931 0.18181818181818182 0.06521739130434782 0.23076923076923078 0.2222222222222222 0.26666666666666666 0.07547169811320754 0.046511627906976744 0.08333333333333333 0.10526315789473684 0.09523809523809523 1.0 0.07317073170731707 0.0 0.0 0.15 0.125 0.11764705882352941 0.25 0.25 0.07894736842105263 0.13636363636363635 0.1 0.1 0.16666666666666666 0.14285714285714285 0.0847457627118644 0.0847457627118644 0.0847457627118644 0.05555555555555555 0.17647058823529413 0.0 0.0 0.08571428571428572 0.032520325203252036 0.11764705882352941 0.21428571428571427 0.14285714285714285 0.1111111111111111 0.4 0.125 0.125 0.17647058823529413 0.13636363636363635 0.21052631578947367 0.05405405405405406 0.10256410256410256 0.21875 0.21875 0.014705882352941176 0.1875 0.15384615384615385 0.15384615384615385 0.0625 0.0625 0.0625 0.0625 0.0625 0.0625 0.0625 0.11764705882352941 0.11764705882352941 0.11764705882352941 0.11764705882352941 0.11764705882352941 0.26666666666666666 0.0 0.1875 0.18181818181818182 0.10810810810810811 0.10810810810810811 0.10810810810810811 0.26666666666666666 0.17647058823529413 0.17647058823529413 0.17647058823529413 0.17647058823529413 0.17647058823529413 0.16666666666666666 0.09523809523809523 0.09523809523809523 0.09375 0.09375 0.09375 0.09375 0.09375 0.09375 0.09375 0.09375 0.09375 0.09375 0.09375 0.2 0.25 0.16666666666666666 0.16666666666666666 0.02564102564102564 0.02564102564102564 0.125 0.0 0.16666666666666666 0.18181818181818182 0.18181818181818182 0.1111111111111111 0.0 0.26666666666666666 0.1111111111111111 0.26666666666666666 0.36363636363636365 0.2222222222222222 0.23529411764705882 0.26666666666666666 0.16666666666666666 
