org.uma.jmetal.auto.autoconfigurablealgorithm.AutoConfigurableAlgorithm 1.0 0.0 0.0 0.06666666666666667 0.06666666666666667 0.03355704697986577 0.03355704697986577 0.0 0.0 0.0 0.0 0.0 0.05555555555555555 0.23076923076923078 0.13043478260869565 0.23076923076923078 0.0 0.0 0.0 0.0 0.0 0.0 0.0 0.0 0.2 0.0 0.11764705882352941 0.2 0.13333333333333333 0.0 0.06060606060606061 0.08163265306122448 0.10256410256410256 0.0 0.0 0.06060606060606061 0.06896551724137931 0.06451612903225806 0.03773584905660377 0.14285714285714285 0.1 0.0625 0.06666666666666667 0.06666666666666667 0.024390243902439025 0.027777777777777776 0.037037037037037035 0.04 0.05263157894736842 0.07692307692307693 0.058823529411764705 0.06666666666666667 0.0625 0.07142857142857142 0.07142857142857142 0.022727272727272728 0.058823529411764705 0.0625 0.058823529411764705 0.037037037037037035 0.038461538461538464 0.05714285714285714 0.018518518518518517 0.0 0.022727272727272728 0.058823529411764705 0.05263157894736842 0.05263157894736842 0.05263157894736842 
org.uma.jmetal.auto.autoconfigurablealgorithm.AutoMOEAD 0.0 1.0 1.0 0.034482758620689655 0.034482758620689655 0.018633540372670808 0.018633540372670808 0.21052631578947367 0.29411764705882354 0.25 0.21052631578947367 0.21052631578947367 0.015151515151515152 0.04 0.02857142857142857 0.08333333333333333 0.05555555555555555 0.0 0.0 0.0 0.0 0.0 0.0 0.23529411764705882 0.1 0.058823529411764705 0.03571428571428571 0.047619047619047616 0.038461538461538464 0.10526315789473684 0.0 0.0 0.0 0.05555555555555555 0.0 0.0 0.0 0.0 0.0 0.0 0.0 0.0 0.0 0.3684210526315789 0.0 0.0 0.0 0.02857142857142857 0.0 0.0 0.0 0.0 0.0 0.0 0.0 0.0 0.0 0.0 0.0 0.0 0.0 0.0 0.015625 0.0625 0.018518518518518517 0.0 0.0 0.0 0.0 
org.uma.jmetal.auto.autoconfigurablealgorithm.AutoMOEAD$1EvolutionaryAlgorithmWithArchive 0.0 1.0 1.0 0.034482758620689655 0.034482758620689655 0.018633540372670808 0.018633540372670808 0.21052631578947367 0.29411764705882354 0.25 0.21052631578947367 0.21052631578947367 0.015151515151515152 0.04 0.02857142857142857 0.08333333333333333 0.05555555555555555 0.0 0.0 0.0 0.0 0.0 0.0 0.23529411764705882 0.1 0.058823529411764705 0.03571428571428571 0.047619047619047616 0.038461538461538464 0.10526315789473684 0.0 0.0 0.0 0.05555555555555555 0.0 0.0 0.0 0.0 0.0 0.0 0.0 0.0 0.0 0.3684210526315789 0.0 0.0 0.0 0.02857142857142857 0.0 0.0 0.0 0.0 0.0 0.0 0.0 0.0 0.0 0.0 0.0 0.0 0.0 0.0 0.015625 0.0625 0.018518518518518517 0.0 0.0 0.0 0.0 
org.uma.jmetal.auto.autoconfigurablealgorithm.AutoMOPSO 0.06666666666666667 0.034482758620689655 0.034482758620689655 1.0 1.0 0.1746031746031746 0.1746031746031746 0.0125 0.012658227848101266 0.012195121951219513 0.0125 0.0125 0.10619469026548672 0.06329113924050633 0.16049382716049382 0.07692307692307693 0.013157894736842105 0.0 0.0 0.0 0.0 0.0 0.0 0.01282051282051282 0.05263157894736842 0.013333333333333334 0.14473684210526316 0.05263157894736842 0.13333333333333333 0.0 0.21176470588235294 0.08035714285714286 0.08823529411764706 0.0 0.0 0.03 0.03125 0.030612244897959183 0.025 0.013333333333333334 0.025974025974025976 0.030303030303030304 0.024390243902439025 0.012048192771084338 0.06796116504854369 0.019417475728155338 0.02127659574468085 0.03296703296703297 0.08641975308641975 0.07894736842105263 0.10256410256410256 0.07692307692307693 0.1038961038961039 0.07792207792207792 0.07792207792207792 0.02727272727272727 0.10256410256410256 0.08974358974358974 0.023809523809523808 0.02127659574468085 0.021505376344086023 0.06060606060606061 0.0423728813559322 0.0 0.046296296296296294 0.08860759493670886 0.11392405063291139 0.11392405063291139 0.11392405063291139 
org.uma.jmetal.auto.autoconfigurablealgorithm.AutoMOPSO$1ParticleSwarmOptimizationAlgorithmWithArchive 0.06666666666666667 0.034482758620689655 0.034482758620689655 1.0 1.0 0.1746031746031746 0.1746031746031746 0.0125 0.012658227848101266 0.012195121951219513 0.0125 0.0125 0.10619469026548672 0.06329113924050633 0.16049382716049382 0.07692307692307693 0.013157894736842105 0.0 0.0 0.0 0.0 0.0 0.0 0.01282051282051282 0.05263157894736842 0.013333333333333334 0.14473684210526316 0.05263157894736842 0.13333333333333333 0.0 0.21176470588235294 0.08035714285714286 0.08823529411764706 0.0 0.0 0.03 0.03125 0.030612244897959183 0.025 0.013333333333333334 0.025974025974025976 0.030303030303030304 0.024390243902439025 0.012048192771084338 0.06796116504854369 0.019417475728155338 0.02127659574468085 0.03296703296703297 0.08641975308641975 0.07894736842105263 0.10256410256410256 0.07692307692307693 0.1038961038961039 0.07792207792207792 0.07792207792207792 0.02727272727272727 0.10256410256410256 0.08974358974358974 0.023809523809523808 0.02127659574468085 0.021505376344086023 0.06060606060606061 0.0423728813559322 0.0 0.046296296296296294 0.08860759493670886 0.11392405063291139 0.11392405063291139 0.11392405063291139 
org.uma.jmetal.auto.autoconfigurablealgorithm.AutoNSGAII 0.03355704697986577 0.018633540372670808 0.018633540372670808 0.1746031746031746 0.1746031746031746 1.0 1.0 0.013071895424836602 0.013157894736842105 0.012903225806451613 0.013071895424836602 0.013071895424836602 0.2360248447204969 0.05333333333333334 0.07692307692307693 0.039473684210526314 0.0 0.0 0.0 0.0 0.0 0.0 0.0 0.006578947368421052 0.02666666666666667 0.006711409395973154 0.07333333333333333 0.02666666666666667 0.06711409395973154 0.0 0.047337278106508875 0.16766467065868262 0.17834394904458598 0.0 0.006756756756756757 0.08588957055214724 0.0880503144654088 0.09375 0.11299435028248588 0.006711409395973154 0.02 0.08641975308641975 0.039473684210526314 0.006369426751592357 0.15 0.11875 0.11842105263157894 0.08387096774193549 0.0728476821192053 0.04 0.03896103896103896 0.039473684210526314 0.0392156862745098 0.039735099337748346 0.039735099337748346 0.147239263803681 0.0457516339869281 0.0392156862745098 0.059602649006622516 0.11842105263157894 0.09740259740259741 0.17763157894736842 0.2236024844720497 0.0 0.15432098765432098 0.03896103896103896 0.04516129032258064 0.04516129032258064 0.04516129032258064 
org.uma.jmetal.auto.autoconfigurablealgorithm.AutoNSGAII$1EvolutionaryAlgorithmWithArchive 0.03355704697986577 0.018633540372670808 0.018633540372670808 0.1746031746031746 0.1746031746031746 1.0 1.0 0.013071895424836602 0.013157894736842105 0.012903225806451613 0.013071895424836602 0.013071895424836602 0.2360248447204969 0.05333333333333334 0.07692307692307693 0.039473684210526314 0.0 0.0 0.0 0.0 0.0 0.0 0.0 0.006578947368421052 0.02666666666666667 0.006711409395973154 0.07333333333333333 0.02666666666666667 0.06711409395973154 0.0 0.047337278106508875 0.16766467065868262 0.17834394904458598 0.0 0.006756756756756757 0.08588957055214724 0.0880503144654088 0.09375 0.11299435028248588 0.006711409395973154 0.02 0.08641975308641975 0.039473684210526314 0.006369426751592357 0.15 0.11875 0.11842105263157894 0.08387096774193549 0.0728476821192053 0.04 0.03896103896103896 0.039473684210526314 0.0392156862745098 0.039735099337748346 0.039735099337748346 0.147239263803681 0.0457516339869281 0.0392156862745098 0.059602649006622516 0.11842105263157894 0.09740259740259741 0.17763157894736842 0.2236024844720497 0.0 0.15432098765432098 0.03896103896103896 0.04516129032258064 0.04516129032258064 0.04516129032258064 
org.uma.jmetal.auto.autoconfigurablealgorithm.examples.MOEADConfiguredFromAParameterString 0.0 0.21052631578947367 0.21052631578947367 0.0125 0.0125 0.013071895424836602 0.013071895424836602 1.0 0.4444444444444444 0.45454545454545453 0.75 0.5555555555555556 0.03571428571428571 0.13333333333333333 0.08 0.13333333333333333 0.1111111111111111 0.0 0.0 0.0 0.0 0.0 0.0 0.2 0.08333333333333333 0.125 0.05263157894736842 0.08333333333333333 0.058823529411764705 0.3333333333333333 0.0 0.0 0.0 0.1111111111111111 0.0 0.0 0.0 0.0 0.0 0.0 0.0 0.0 0.0 0.13333333333333333 0.0 0.0 0.0 0.0 0.0 0.0 0.0 0.0 0.0 0.0 0.0 0.0 0.0 0.0 0.0 0.0 0.0 0.0 0.01818181818181818 0.14285714285714285 0.0 0.0 0.0 0.0 0.0 
org.uma.jmetal.auto.autoconfigurablealgorithm.examples.MOEADConfiguredToSolveProblemZDT110F2 0.0 0.29411764705882354 0.29411764705882354 0.012658227848101266 0.012658227848101266 0.013157894736842105 0.013157894736842105 0.4444444444444444 1.0 0.36363636363636365 0.4444444444444444 0.3 0.03636363636363636 0.14285714285714285 0.08333333333333333 0.14285714285714285 0.0 0.0 0.0 0.0 0.0 0.0 0.0 0.1 0.09090909090909091 0.14285714285714285 0.05555555555555555 0.09090909090909091 0.0625 0.1 0.0 0.0 0.0 0.125 0.0 0.0 0.0 0.0 0.0 0.0 0.0 0.0 0.0 0.3333333333333333 0.0 0.0 0.0 0.0 0.0 0.0 0.0 0.0 0.0 0.0 0.0 0.0 0.0 0.0 0.0 0.0 0.0 0.0 0.0 0.16666666666666666 0.0 0.0 0.0 0.0 0.0 
org.uma.jmetal.auto.autoconfigurablealgorithm.examples.MOEADDEConfiguredForDTLZ1 0.0 0.25 0.25 0.012195121951219513 0.012195121951219513 0.012903225806451613 0.012903225806451613 0.45454545454545453 0.36363636363636365 1.0 0.45454545454545453 0.3333333333333333 0.05263157894736842 0.11764705882352941 0.07407407407407407 0.11764705882352941 0.09090909090909091 0.0 0.0 0.0 0.0 0.0 0.0 0.16666666666666666 0.07142857142857142 0.1 0.047619047619047616 0.07142857142857142 0.05263157894736842 0.16666666666666666 0.0 0.0 0.0 0.09090909090909091 0.0 0.0 0.0 0.0 0.0 0.0 0.0 0.0 0.0 0.11764705882352941 0.0 0.0 0.0 0.0 0.0 0.0 0.0 0.0 0.0 0.0 0.0 0.0 0.0 0.0 0.0 0.0 0.0 0.0 0.0 0.1111111111111111 0.0 0.0 0.0 0.0 0.0 
org.uma.jmetal.auto.autoconfigurablealgorithm.examples.MOEADDEConfiguredFromAParameterString 0.0 0.21052631578947367 0.21052631578947367 0.0125 0.0125 0.013071895424836602 0.013071895424836602 0.75 0.4444444444444444 0.45454545454545453 1.0 0.4 0.03571428571428571 0.13333333333333333 0.08 0.13333333333333333 0.1111111111111111 0.0 0.0 0.0 0.0 0.0 0.0 0.2 0.08333333333333333 0.125 0.05263157894736842 0.08333333333333333 0.058823529411764705 0.3333333333333333 0.0 0.0 0.0 0.1111111111111111 0.0 0.0 0.0 0.0 0.0 0.0 0.0 0.0 0.0 0.13333333333333333 0.0 0.0 0.0 0.038461538461538464 0.0 0.0 0.0 0.0 0.0 0.0 0.0 0.0 0.0 0.0 0.0 0.0 0.0 0.0 0.0 0.14285714285714285 0.022222222222222223 0.0 0.0 0.0 0.0 
org.uma.jmetal.auto.autoconfigurablealgorithm.examples.MOEADWithUnboundedArchiveConfiguredFromAParameterString 0.0 0.21052631578947367 0.21052631578947367 0.0125 0.0125 0.013071895424836602 0.013071895424836602 0.5555555555555556 0.3 0.3333333333333333 0.4 1.0 0.03571428571428571 0.13333333333333333 0.125 0.3076923076923077 0.1111111111111111 0.0 0.0 0.0 0.0 0.0 0.0 0.2 0.08333333333333333 0.125 0.05263157894736842 0.08333333333333333 0.058823529411764705 0.2 0.0 0.0 0.0 0.1111111111111111 0.0 0.0 0.0 0.0 0.0 0.0 0.0 0.0 0.0 0.0625 0.0 0.0 0.0 0.0 0.0 0.0 0.0 0.0 0.0 0.0 0.0 0.0 0.0 0.0 0.0 0.0 0.0 0.0 0.01818181818181818 0.0 0.0 0.0 0.0 0.0 0.0 
org.uma.jmetal.auto.autoconfigurablealgorithm.examples.NSGAIIConfiguredFromAParameterString 0.05555555555555555 0.015151515151515152 0.015151515151515152 0.10619469026548672 0.10619469026548672 0.2360248447204969 0.2360248447204969 0.03571428571428571 0.03636363636363636 0.05263157894736842 0.03571428571428571 0.03571428571428571 1.0 0.12962962962962962 0.24561403508771928 0.10909090909090909 0.0 0.0 0.0 0.0 0.0 0.0 0.0 0.01818181818181818 0.07547169811320754 0.019230769230769232 0.18518518518518517 0.07547169811320754 0.16981132075471697 0.0 0.06666666666666667 0.20987654320987653 0.23943661971830985 0.0 0.0 0.15942028985507245 0.16923076923076924 0.16417910447761194 0.12359550561797752 0.019230769230769232 0.037037037037037035 0.16176470588235295 0.05172413793103448 0.016666666666666666 0.1917808219178082 0.15492957746478872 0.10606060606060606 0.12698412698412698 0.08333333333333333 0.07272727272727272 0.06779661016949153 0.07017543859649122 0.06896551724137931 0.07142857142857142 0.07142857142857142 0.13924050632911392 0.06779661016949153 0.06896551724137931 0.16666666666666666 0.10606060606060606 0.14285714285714285 0.15492957746478872 0.16279069767441862 0.0 0.15384615384615385 0.06779661016949153 0.06557377049180328 0.06557377049180328 0.06557377049180328 
org.uma.jmetal.auto.autoconfigurablealgorithm.examples.NSGAIIWithExternalUnboundedArchiveConfiguredFromAParameterString 0.23076923076923078 0.04 0.04 0.06329113924050633 0.06329113924050633 0.05333333333333334 0.05333333333333334 0.13333333333333333 0.14285714285714285 0.11764705882352941 0.13333333333333333 0.13333333333333333 0.12962962962962962 1.0 0.30434782608695654 0.42857142857142855 0.0 0.0 0.0 0.0 0.0 0.0 0.0 0.07142857142857142 0.3333333333333333 0.09090909090909091 0.21052631578947367 0.3333333333333333 0.23529411764705882 0.0 0.02631578947368421 0.03636363636363636 0.044444444444444446 0.0 0.0 0.05405405405405406 0.06060606060606061 0.05714285714285714 0.03508771929824561 0.09090909090909091 0.07142857142857142 0.05555555555555555 0.05263157894736842 0.05263157894736842 0.022222222222222223 0.025 0.03225806451612903 0.034482758620689655 0.043478260869565216 0.058823529411764705 0.047619047619047616 0.05263157894736842 0.05 0.05555555555555555 0.05555555555555555 0.020833333333333332 0.047619047619047616 0.05 0.047619047619047616 0.03225806451612903 0.03333333333333333 0.05128205128205128 0.017241379310344827 0.0 0.020833333333333332 0.047619047619047616 0.043478260869565216 0.043478260869565216 0.043478260869565216 
org.uma.jmetal.auto.autoconfigurablealgorithm.examples.SMPSOConfiguredFromAParameterString 0.13043478260869565 0.02857142857142857 0.02857142857142857 0.16049382716049382 0.16049382716049382 0.07692307692307693 0.07692307692307693 0.08 0.08333333333333333 0.07407407407407407 0.08 0.125 0.24561403508771928 0.30434782608695654 1.0 0.42857142857142855 0.045454545454545456 0.0 0.0 0.0 0.0 0.0 0.0 0.041666666666666664 0.18181818181818182 0.047619047619047616 0.375 0.18181818181818182 0.4090909090909091 0.0 0.13953488372093023 0.08064516129032258 0.09615384615384616 0.0 0.0 0.0425531914893617 0.046511627906976744 0.044444444444444446 0.029850746268656716 0.047619047619047616 0.041666666666666664 0.043478260869565216 0.034482758620689655 0.034482758620689655 0.07692307692307693 0.02 0.024390243902439025 0.02564102564102564 0.0967741935483871 0.12 0.14285714285714285 0.1111111111111111 0.10714285714285714 0.11538461538461539 0.11538461538461539 0.017241379310344827 0.10344827586206896 0.10714285714285714 0.03225806451612903 0.024390243902439025 0.025 0.0851063829787234 0.045454545454545456 0.0 0.05357142857142857 0.10344827586206896 0.0967741935483871 0.0967741935483871 0.0967741935483871 
org.uma.jmetal.auto.autoconfigurablealgorithm.examples.SMPSOWithUnboundedArchiveConfiguredFromAParameterString 0.23076923076923078 0.08333333333333333 0.08333333333333333 0.07692307692307693 0.07692307692307693 0.039473684210526314 0.039473684210526314 0.13333333333333333 0.14285714285714285 0.11764705882352941 0.13333333333333333 0.3076923076923077 0.10909090909090909 0.42857142857142855 0.42857142857142855 1.0 0.08333333333333333 0.0 0.0 0.0 0.0 0.0 0.0 0.07142857142857142 0.3333333333333333 0.09090909090909091 0.21052631578947367 0.3333333333333333 0.23529411764705882 0.0 0.05405405405405406 0.03636363636363636 0.044444444444444446 0.0 0.0 0.05405405405405406 0.06060606060606061 0.05714285714285714 0.03508771929824561 0.09090909090909091 0.07142857142857142 0.05555555555555555 0.05263157894736842 0.05263157894736842 0.022222222222222223 0.025 0.03225806451612903 0.034482758620689655 0.043478260869565216 0.058823529411764705 0.1 0.05263157894736842 0.05 0.05555555555555555 0.05555555555555555 0.020833333333333332 0.047619047619047616 0.05 0.047619047619047616 0.03225806451612903 0.03333333333333333 0.05128205128205128 0.017241379310344827 0.0 0.020833333333333332 0.047619047619047616 0.043478260869565216 0.043478260869565216 0.043478260869565216 
org.uma.jmetal.auto.experiment.SwarmIntelligenceStudy10000 0.0 0.05555555555555555 0.05555555555555555 0.013157894736842105 0.013157894736842105 0.0 0.0 0.1111111111111111 0.0 0.09090909090909091 0.1111111111111111 0.1111111111111111 0.0 0.0 0.045454545454545456 0.08333333333333333 1.0 0.0 0.0 0.0 0.0 0.0 0.0 0.14285714285714285 0.0 0.0 0.0 0.0 0.0 0.14285714285714285 0.03225806451612903 0.0 0.0 0.0 0.0 0.0 0.0 0.0 0.0 0.0 0.0 0.0 0.0 0.0 0.0 0.0 0.0 0.0 0.0 0.0 0.07142857142857142 0.0 0.0 0.0 0.0 0.0 0.0 0.0 0.0 0.0 0.0 0.0 0.0 0.0 0.0 0.0 0.0 0.0 0.0 
org.uma.jmetal.auto.experiment.SwarmIntelligenceStudy10000Final 0.0 0.0 0.0 0.0 0.0 0.0 0.0 0.0 0.0 0.0 0.0 0.0 0.0 0.0 0.0 0.0 0.0 1.0 0.2857142857142857 0.0 0.0 0.0 0.0 0.0 0.0 0.0 0.0 0.0 0.0 0.0 0.0 0.0 0.0 0.0 0.0 0.0 0.0 0.0 0.0 0.0 0.0 0.0 0.0 0.0 0.0 0.0 0.0 0.0 0.0 0.0 0.0 0.0 0.0 0.0 0.0 0.0 0.0 0.0 0.0 0.0 0.0 0.0 0.0 0.0 0.0 0.0 0.0 0.0 0.0 
org.uma.jmetal.auto.experiment.SwarmIntelligenceStudy10000FinalIGDPlus 0.0 0.0 0.0 0.0 0.0 0.0 0.0 0.0 0.0 0.0 0.0 0.0 0.0 0.0 0.0 0.0 0.0 0.2857142857142857 1.0 0.0 0.0 0.0 0.0 0.0 0.0 0.0 0.0 0.0 0.0 0.0 0.0 0.0 0.0 0.0 0.0 0.0 0.0 0.0 0.0 0.0 0.0 0.0 0.0 0.0 0.0 0.0 0.0 0.0 0.0 0.0 0.0 0.0 0.0 0.0 0.0 0.0 0.0 0.0 0.0 0.0 0.0 0.0 0.0 0.0 0.0 0.0 0.0 0.0 0.0 
org.uma.jmetal.auto.experiment.SwarmIntelligenceStudy10000FinalR1 0.0 0.0 0.0 0.0 0.0 0.0 0.0 0.0 0.0 0.0 0.0 0.0 0.0 0.0 0.0 0.0 0.0 0.0 0.0 1.0 0.0 0.0 0.5 0.0 0.0 0.0 0.0 0.0 0.0 0.0 0.0 0.0 0.0 0.0 0.0 0.0 0.0 0.0 0.0 0.0 0.0 0.0 0.0 0.0 0.0 0.0 0.0 0.0 0.0 0.0 0.0 0.0 0.0 0.0 0.0 0.0 0.0 0.0 0.0 0.0 0.0 0.0 0.0 0.0 0.0 0.0 0.0 0.0 0.0 
org.uma.jmetal.auto.experiment.SwarmIntelligenceStudy10000FinalWith5000 0.0 0.0 0.0 0.0 0.0 0.0 0.0 0.0 0.0 0.0 0.0 0.0 0.0 0.0 0.0 0.0 0.0 0.0 0.0 0.0 1.0 0.0 0.0 0.0 0.0 0.5 0.0 0.0 0.0 0.0 0.0 0.0 0.0 0.0 0.0 0.0 0.0 0.0 0.0 0.0 0.0 0.0 0.0 0.0 0.0 0.0 0.0 0.0 0.0 0.0 0.0 0.0 0.0 0.0 0.0 0.0 0.0 0.0 0.0 0.0 0.0 0.0 0.0 0.0 0.0 0.0 0.0 0.0 0.0 
org.uma.jmetal.auto.experiment.SwarmIntelligenceStudy5000 0.0 0.0 0.0 0.0 0.0 0.0 0.0 0.0 0.0 0.0 0.0 0.0 0.0 0.0 0.0 0.0 0.0 0.0 0.0 0.0 0.0 1.0 0.0 0.0 0.0 0.0 0.0 0.0 0.0 0.0 0.0 0.0 0.0 0.0 0.0 0.0 0.0 0.0 0.0 0.0 0.0 0.0 0.0 0.0 0.0 0.0 0.0 0.0 0.0 0.0 0.0 0.0 0.0 0.0 0.0 0.0 0.0 0.0 0.0 0.0 0.0 0.0 0.0 0.0 0.0 0.0 0.0 0.0 0.0 
org.uma.jmetal.auto.experiment.SwarmIntelligenceStudyR1 0.0 0.0 0.0 0.0 0.0 0.0 0.0 0.0 0.0 0.0 0.0 0.0 0.0 0.0 0.0 0.0 0.0 0.0 0.0 0.5 0.0 0.0 1.0 0.0 0.0 0.0 0.0 0.0 0.0 0.0 0.0 0.0 0.0 0.0 0.0 0.0 0.0 0.0 0.0 0.0 0.0 0.0 0.0 0.0 0.0 0.0 0.0 0.0 0.0 0.0 0.0 0.0 0.0 0.0 0.0 0.0 0.0 0.0 0.0 0.0 0.0 0.0 0.0 0.0 0.0 0.0 0.0 0.0 0.0 
org.uma.jmetal.auto.irace.AutoMOEADIraceHV 0.0 0.23529411764705882 0.23529411764705882 0.01282051282051282 0.01282051282051282 0.006578947368421052 0.006578947368421052 0.2 0.1 0.16666666666666666 0.2 0.2 0.01818181818181818 0.07142857142857142 0.041666666666666664 0.07142857142857142 0.14285714285714285 0.0 0.0 0.0 0.0 0.0 0.0 1.0 0.375 0.16666666666666666 0.058823529411764705 0.1 0.06666666666666667 0.1111111111111111 0.0 0.0 0.0 0.0 0.0 0.0 0.0 0.0 0.0 0.0 0.0 0.0 0.0 0.0 0.0 0.0 0.0 0.0 0.0 0.0 0.0 0.0 0.0 0.0 0.0 0.0 0.0 0.0 0.0 0.0 0.0 0.0 0.0 0.0 0.0 0.0 0.0 0.0 0.0 
org.uma.jmetal.auto.irace.AutoMOPSOIraceHV 0.2 0.1 0.1 0.05263157894736842 0.05263157894736842 0.02666666666666667 0.02666666666666667 0.08333333333333333 0.09090909090909091 0.07142857142857142 0.08333333333333333 0.08333333333333333 0.07547169811320754 0.3333333333333333 0.18181818181818182 0.3333333333333333 0.0 0.0 0.0 0.0 0.0 0.0 0.0 0.375 1.0 0.14285714285714285 0.26666666666666666 0.5 0.3076923076923077 0.0 0.029411764705882353 0.0392156862745098 0.04878048780487805 0.0 0.0 0.06060606060606061 0.06896551724137931 0.06451612903225806 0.03773584905660377 0.14285714285714285 0.1 0.0625 0.06666666666666667 0.06666666666666667 0.024390243902439025 0.027777777777777776 0.037037037037037035 0.04 0.05263157894736842 0.07692307692307693 0.058823529411764705 0.06666666666666667 0.0625 0.07142857142857142 0.07142857142857142 0.022727272727272728 0.058823529411764705 0.0625 0.058823529411764705 0.037037037037037035 0.038461538461538464 0.05714285714285714 0.018518518518518517 0.0 0.022727272727272728 0.058823529411764705 0.05263157894736842 0.05263157894736842 0.05263157894736842 
org.uma.jmetal.auto.irace.AutoMOPSOIraceIGDPlus 0.0 0.058823529411764705 0.058823529411764705 0.013333333333333334 0.013333333333333334 0.006711409395973154 0.006711409395973154 0.125 0.14285714285714285 0.1 0.125 0.125 0.019230769230769232 0.09090909090909091 0.047619047619047616 0.09090909090909091 0.0 0.0 0.0 0.0 0.5 0.0 0.0 0.16666666666666666 0.14285714285714285 1.0 0.07142857142857142 0.14285714285714285 0.08333333333333333 0.0 0.0 0.0 0.0 0.0 0.0 0.0 0.0 0.0 0.0 0.0 0.0 0.0 0.0 0.0 0.0 0.0 0.0 0.0 0.0 0.0 0.0 0.0 0.0 0.0 0.0 0.0 0.0 0.0 0.0 0.0 0.0 0.0 0.0 0.0 0.0 0.0 0.0 0.0 0.0 
org.uma.jmetal.auto.irace.AutoMOPSOIraceNHVIGDPlus 0.11764705882352941 0.03571428571428571 0.03571428571428571 0.14473684210526316 0.14473684210526316 0.07333333333333333 0.07333333333333333 0.05263157894736842 0.05555555555555555 0.047619047619047616 0.05263157894736842 0.05263157894736842 0.18518518518518517 0.21052631578947367 0.375 0.21052631578947367 0.0 0.0 0.0 0.0 0.0 0.0 0.0 0.058823529411764705 0.26666666666666666 0.07142857142857142 1.0 0.26666666666666666 0.8461538461538461 0.0 0.2 0.15384615384615385 0.19047619047619047 0.0 0.0 0.07692307692307693 0.08571428571428572 0.08108108108108109 0.05084745762711865 0.07142857142857142 0.125 0.07894736842105263 0.09523809523809523 0.045454545454545456 0.11363636363636363 0.047619047619047616 0.06060606060606061 0.06451612903225806 0.125 0.23529411764705882 0.19047619047619047 0.21052631578947367 0.2 0.2222222222222222 0.2222222222222222 0.04 0.19047619047619047 0.2 0.08695652173913043 0.06060606060606061 0.0625 0.1282051282051282 0.06896551724137931 0.0 0.08333333333333333 0.19047619047619047 0.17391304347826086 0.17391304347826086 0.17391304347826086 
org.uma.jmetal.auto.irace.AutoNSGAIIIraceHV 0.2 0.047619047619047616 0.047619047619047616 0.05263157894736842 0.05263157894736842 0.02666666666666667 0.02666666666666667 0.08333333333333333 0.09090909090909091 0.07142857142857142 0.08333333333333333 0.08333333333333333 0.07547169811320754 0.3333333333333333 0.18181818181818182 0.3333333333333333 0.0 0.0 0.0 0.0 0.0 0.0 0.0 0.1 0.5 0.14285714285714285 0.26666666666666666 1.0 0.3076923076923077 0.0 0.029411764705882353 0.0392156862745098 0.04878048780487805 0.0 0.0 0.06060606060606061 0.06896551724137931 0.06451612903225806 0.03773584905660377 0.14285714285714285 0.1 0.0625 0.06666666666666667 0.06666666666666667 0.024390243902439025 0.027777777777777776 0.037037037037037035 0.04 0.05263157894736842 0.07692307692307693 0.058823529411764705 0.06666666666666667 0.0625 0.07142857142857142 0.07142857142857142 0.022727272727272728 0.058823529411764705 0.0625 0.058823529411764705 0.037037037037037035 0.038461538461538464 0.05714285714285714 0.018518518518518517 0.0 0.022727272727272728 0.058823529411764705 0.05263157894736842 0.05263157894736842 0.05263157894736842 
org.uma.jmetal.auto.irace.AutoNSGAIIIraceNHV 0.13333333333333333 0.038461538461538464 0.038461538461538464 0.13333333333333333 0.13333333333333333 0.06711409395973154 0.06711409395973154 0.058823529411764705 0.0625 0.05263157894736842 0.058823529411764705 0.058823529411764705 0.16981132075471697 0.23529411764705882 0.4090909090909091 0.23529411764705882 0.0 0.0 0.0 0.0 0.0 0.0 0.0 0.06666666666666667 0.3076923076923077 0.08333333333333333 0.8461538461538461 0.3076923076923077 1.0 0.0 0.17647058823529413 0.13725490196078433 0.17073170731707318 0.0 0.0 0.05263157894736842 0.058823529411764705 0.05555555555555555 0.034482758620689655 0.08333333333333333 0.06666666666666667 0.05405405405405406 0.05 0.05 0.09302325581395349 0.024390243902439025 0.03125 0.03333333333333333 0.08695652173913043 0.1875 0.15 0.16666666666666666 0.15789473684210525 0.17647058823529413 0.17647058823529413 0.02040816326530612 0.15 0.15789473684210525 0.045454545454545456 0.03125 0.03225806451612903 0.10526315789473684 0.05263157894736842 0.0 0.06382978723404255 0.15 0.13636363636363635 0.13636363636363635 0.13636363636363635 
org.uma.jmetal.auto.irace.parameterfilegeneration.AutoMOEADIraceParameterFileGenerator 0.0 0.10526315789473684 0.10526315789473684 0.0 0.0 0.0 0.0 0.3333333333333333 0.1 0.16666666666666666 0.3333333333333333 0.2 0.0 0.0 0.0 0.0 0.14285714285714285 0.0 0.0 0.0 0.0 0.0 0.0 0.1111111111111111 0.0 0.0 0.0 0.0 0.0 1.0 0.0 0.0196078431372549 0.024390243902439025 0.3333333333333333 0.0 0.0 0.0 0.0 0.0 0.0 0.0 0.0 0.0 0.07142857142857142 0.0 0.0 0.0 0.0 0.0 0.0 0.0 0.0 0.0 0.0 0.0 0.0 0.0 0.0 0.0 0.0 0.0 0.0 0.0 0.0 0.0 0.0 0.0 0.0 0.0 
org.uma.jmetal.auto.irace.parameterfilegeneration.AutoMOPSOIraceFileGenerator 0.06060606060606061 0.0 0.0 0.21176470588235294 0.21176470588235294 0.047337278106508875 0.047337278106508875 0.0 0.0 0.0 0.0 0.0 0.06666666666666667 0.02631578947368421 0.13953488372093023 0.05405405405405406 0.03225806451612903 0.0 0.0 0.0 0.0 0.0 0.0 0.0 0.029411764705882353 0.0 0.2 0.029411764705882353 0.17647058823529413 0.0 1.0 0.15151515151515152 0.15789473684210525 0.0 0.0 0.03571428571428571 0.038461538461538464 0.037037037037037035 0.02631578947368421 0.03333333333333333 0.0625 0.03636363636363636 0.05405405405405406 0.02631578947368421 0.06557377049180328 0.034482758620689655 0.04081632653061224 0.0425531914893617 0.075 0.08823529411764706 0.1388888888888889 0.08333333333333333 0.08108108108108109 0.05555555555555555 0.08571428571428572 0.030303030303030304 0.10810810810810811 0.1111111111111111 0.05128205128205128 0.04081632653061224 0.041666666666666664 0.034482758620689655 0.02631578947368421 0.0 0.030303030303030304 0.07894736842105263 0.16216216216216217 0.16216216216216217 0.16216216216216217 
org.uma.jmetal.auto.irace.parameterfilegeneration.AutoNSGAIIIraceParameterFileGenerator 0.08163265306122448 0.0 0.0 0.08035714285714286 0.08035714285714286 0.16766467065868262 0.16766467065868262 0.0 0.0 0.0 0.0 0.0 0.20987654320987653 0.03636363636363636 0.08064516129032258 0.03636363636363636 0.0 0.0 0.0 0.0 0.0 0.0 0.0 0.0 0.0392156862745098 0.0 0.15384615384615385 0.0392156862745098 0.13725490196078433 0.0196078431372549 0.15151515151515152 1.0 0.7872340425531915 0.02040816326530612 0.02127659574468085 0.38181818181818183 0.38461538461538464 0.32142857142857145 0.2631578947368421 0.020833333333333332 0.04 0.36363636363636365 0.07547169811320754 0.017857142857142856 0.25757575757575757 0.2 0.1694915254237288 0.19642857142857142 0.05172413793103448 0.03773584905660377 0.03508771929824561 0.03636363636363636 0.03571428571428571 0.037037037037037035 0.037037037037037035 0.2112676056338028 0.03508771929824561 0.03571428571428571 0.18 0.1694915254237288 0.21428571428571427 0.18181818181818182 0.1566265060240964 0.0 0.16216216216216217 0.03508771929824561 0.03389830508474576 0.03389830508474576 0.03389830508474576 
org.uma.jmetal.auto.irace.parameterfilegeneration.IraceParameterFileGenerator 0.10256410256410256 0.0 0.0 0.08823529411764706 0.08823529411764706 0.17834394904458598 0.17834394904458598 0.0 0.0 0.0 0.0 0.0 0.23943661971830985 0.044444444444444446 0.09615384615384616 0.044444444444444446 0.0 0.0 0.0 0.0 0.0 0.0 0.0 0.0 0.04878048780487805 0.0 0.19047619047619047 0.04878048780487805 0.17073170731707318 0.024390243902439025 0.15789473684210525 0.7872340425531915 1.0 0.02564102564102564 0.02702702702702703 0.29411764705882354 0.3191489361702128 0.28 0.19444444444444445 0.02631578947368421 0.05 0.3 0.09302325581395349 0.021739130434782608 0.23728813559322035 0.23636363636363636 0.20408163265306123 0.2391304347826087 0.0625 0.046511627906976744 0.0425531914893617 0.044444444444444446 0.043478260869565216 0.045454545454545456 0.045454545454545456 0.22580645161290322 0.0425531914893617 0.043478260869565216 0.225 0.20408163265306123 0.2608695652173913 0.21428571428571427 0.1780821917808219 0.0 0.1875 0.0425531914893617 0.04081632653061224 0.04081632653061224 0.04081632653061224 
org.uma.jmetal.auto.parameter.BooleanParameter 0.0 0.05555555555555555 0.05555555555555555 0.0 0.0 0.0 0.0 0.1111111111111111 0.125 0.09090909090909091 0.1111111111111111 0.1111111111111111 0.0 0.0 0.0 0.0 0.0 0.0 0.0 0.0 0.0 0.0 0.0 0.0 0.0 0.0 0.0 0.0 0.0 0.3333333333333333 0.0 0.02040816326530612 0.02564102564102564 1.0 0.0 0.0 0.0 0.0 0.0 0.0 0.0 0.0 0.0 0.18181818181818182 0.0 0.0 0.0 0.0 0.0 0.0 0.0 0.0 0.0 0.0 0.0 0.0 0.0 0.0 0.0 0.0 0.0 0.0 0.0 0.0 0.0 0.0 0.0 0.0 0.0 
org.uma.jmetal.auto.parameter.CategoricalIntegerParameter 0.0 0.0 0.0 0.0 0.0 0.006756756756756757 0.006756756756756757 0.0 0.0 0.0 0.0 0.0 0.0 0.0 0.0 0.0 0.0 0.0 0.0 0.0 0.0 0.0 0.0 0.0 0.0 0.0 0.0 0.0 0.0 0.0 0.0 0.02127659574468085 0.02702702702702703 0.0 1.0 0.0 0.0 0.0 0.0 0.0 0.0 0.0 0.0 0.0 0.0 0.0 0.0 0.0 0.0 0.0 0.0 0.0 0.0 0.0 0.0 0.0 0.0 0.0 0.0 0.0 0.0 0.0 0.0 0.0 0.0 0.0 0.0 0.0 0.0 
org.uma.jmetal.auto.parameter.CategoricalParameter 0.06060606060606061 0.0 0.0 0.03 0.03 0.08588957055214724 0.08588957055214724 0.0 0.0 0.0 0.0 0.0 0.15942028985507245 0.05405405405405406 0.0425531914893617 0.05405405405405406 0.0 0.0 0.0 0.0 0.0 0.0 0.0 0.0 0.06060606060606061 0.0 0.07692307692307693 0.06060606060606061 0.05263157894736842 0.0 0.03571428571428571 0.38181818181818183 0.29411764705882354 0.0 0.0 1.0 0.8 0.8064516129032258 0.5 0.03333333333333333 0.0967741935483871 0.7272727272727273 0.14705882352941177 0.02631578947368421 0.3541666666666667 0.36363636363636365 0.275 0.32432432432432434 0.10256410256410256 0.08823529411764706 0.07894736842105263 0.08333333333333333 0.08108108108108109 0.08571428571428572 0.08571428571428572 0.3076923076923077 0.07894736842105263 0.08108108108108109 0.36666666666666664 0.275 0.42857142857142855 0.25 0.21875 0.0 0.2830188679245283 0.07894736842105263 0.075 0.075 0.075 
org.uma.jmetal.auto.parameter.IntegerParameter 0.06896551724137931 0.0 0.0 0.03125 0.03125 0.0880503144654088 0.0880503144654088 0.0 0.0 0.0 0.0 0.0 0.16923076923076924 0.06060606060606061 0.046511627906976744 0.06060606060606061 0.0 0.0 0.0 0.0 0.0 0.0 0.0 0.0 0.06896551724137931 0.0 0.08571428571428572 0.06896551724137931 0.058823529411764705 0.0 0.038461538461538464 0.38461538461538464 0.3191489361702128 0.0 0.0 0.8 1.0 0.7333333333333333 0.45098039215686275 0.038461538461538464 0.1111111111111111 0.8928571428571429 0.16666666666666666 0.029411764705882353 0.32608695652173914 0.36585365853658536 0.3055555555555556 0.36363636363636365 0.11428571428571428 0.1 0.08823529411764706 0.09375 0.09090909090909091 0.0967741935483871 0.0967741935483871 0.30612244897959184 0.08823529411764706 0.09090909090909091 0.4230769230769231 0.3055555555555556 0.4375 0.2727272727272727 0.23333333333333334 0.0 0.28 0.08823529411764706 0.08333333333333333 0.08333333333333333 0.08333333333333333 
org.uma.jmetal.auto.parameter.OrdinalParameter 0.06451612903225806 0.0 0.0 0.030612244897959183 0.030612244897959183 0.09375 0.09375 0.0 0.0 0.0 0.0 0.0 0.16417910447761194 0.05714285714285714 0.044444444444444446 0.05714285714285714 0.0 0.0 0.0 0.0 0.0 0.0 0.0 0.0 0.06451612903225806 0.0 0.08108108108108109 0.06451612903225806 0.05555555555555555 0.0 0.037037037037037035 0.32142857142857145 0.28 0.0 0.0 0.8064516129032258 0.7333333333333333 1.0 0.46153846153846156 0.03571428571428571 0.10344827586206896 0.6666666666666666 0.1935483870967742 0.027777777777777776 0.3125 0.3488372093023256 0.32432432432432434 0.38235294117647056 0.10810810810810811 0.09375 0.08333333333333333 0.08823529411764706 0.08571428571428572 0.09090909090909091 0.09090909090909091 0.29411764705882354 0.08333333333333333 0.08571428571428572 0.39285714285714285 0.2894736842105263 0.4117647058823529 0.2608695652173913 0.22580645161290322 0.0 0.29411764705882354 0.08333333333333333 0.07894736842105263 0.07894736842105263 0.07894736842105263 
org.uma.jmetal.auto.parameter.Parameter 0.03773584905660377 0.0 0.0 0.025 0.025 0.11299435028248588 0.11299435028248588 0.0 0.0 0.0 0.0 0.0 0.12359550561797752 0.03508771929824561 0.029850746268656716 0.03508771929824561 0.0 0.0 0.0 0.0 0.0 0.0 0.0 0.0 0.03773584905660377 0.0 0.05084745762711865 0.03773584905660377 0.034482758620689655 0.0 0.02631578947368421 0.2631578947368421 0.19444444444444445 0.0 0.0 0.5 0.45098039215686275 0.46153846153846156 1.0 0.02 0.08 0.4528301886792453 0.1568627450980392 0.017241379310344827 0.25 0.3559322033898305 0.22413793103448276 0.2545454545454545 0.06779661016949153 0.05555555555555555 0.05172413793103448 0.07272727272727272 0.05263157894736842 0.05454545454545454 0.05454545454545454 0.375 0.05172413793103448 0.07142857142857142 0.22 0.22413793103448276 0.2727272727272727 0.19402985074626866 0.2564102564102564 0.0 0.2571428571428571 0.05172413793103448 0.05 0.05 0.05 
org.uma.jmetal.auto.parameter.PositiveDoubleValue 0.14285714285714285 0.0 0.0 0.013333333333333334 0.013333333333333334 0.006711409395973154 0.006711409395973154 0.0 0.0 0.0 0.0 0.0 0.019230769230769232 0.09090909090909091 0.047619047619047616 0.09090909090909091 0.0 0.0 0.0 0.0 0.0 0.0 0.0 0.0 0.14285714285714285 0.0 0.07142857142857142 0.14285714285714285 0.08333333333333333 0.0 0.03333333333333333 0.020833333333333332 0.02631578947368421 0.0 0.0 0.03333333333333333 0.038461538461538464 0.03571428571428571 0.02 1.0 0.16666666666666666 0.034482758620689655 0.09090909090909091 0.09090909090909091 0.02702702702702703 0.03125 0.043478260869565216 0.047619047619047616 0.06666666666666667 0.1111111111111111 0.07692307692307693 0.09090909090909091 0.08333333333333333 0.1 0.1 0.025 0.07692307692307693 0.08333333333333333 0.07692307692307693 0.043478260869565216 0.045454545454545456 0.03125 0.02 0.0 0.025 0.07692307692307693 0.06666666666666667 0.06666666666666667 0.06666666666666667 
org.uma.jmetal.auto.parameter.PositiveIntegerValue 0.1 0.0 0.0 0.025974025974025976 0.025974025974025976 0.02 0.02 0.0 0.0 0.0 0.0 0.0 0.037037037037037035 0.07142857142857142 0.041666666666666664 0.07142857142857142 0.0 0.0 0.0 0.0 0.0 0.0 0.0 0.0 0.1 0.0 0.125 0.1 0.06666666666666667 0.0 0.0625 0.04 0.05 0.0 0.0 0.0967741935483871 0.1111111111111111 0.10344827586206896 0.08 0.16666666666666666 1.0 0.13793103448275862 0.36363636363636365 0.07142857142857142 0.07894736842105263 0.09090909090909091 0.125 0.13636363636363635 0.1875 0.3 0.21428571428571427 0.36363636363636365 0.23076923076923078 0.2727272727272727 0.2727272727272727 0.07317073170731707 0.21428571428571427 0.3333333333333333 0.21428571428571427 0.17391304347826086 0.13043478260869565 0.09090909090909091 0.058823529411764705 0.0 0.07317073170731707 0.21428571428571427 0.1875 0.1875 0.1875 
org.uma.jmetal.auto.parameter.RealParameter 0.0625 0.0 0.0 0.030303030303030304 0.030303030303030304 0.08641975308641975 0.08641975308641975 0.0 0.0 0.0 0.0 0.0 0.16176470588235295 0.05555555555555555 0.043478260869565216 0.05555555555555555 0.0 0.0 0.0 0.0 0.0 0.0 0.0 0.0 0.0625 0.0 0.07894736842105263 0.0625 0.05405405405405406 0.0 0.03636363636363636 0.36363636363636365 0.3 0.0 0.0 0.7272727272727273 0.8928571428571429 0.6666666666666666 0.4528301886792453 0.034482758620689655 0.13793103448275862 1.0 0.1875 0.02702702702702703 0.30612244897959184 0.3409090909090909 0.28205128205128205 0.3333333333333333 0.10526315789473684 0.09090909090909091 0.08108108108108109 0.11764705882352941 0.08333333333333333 0.08823529411764706 0.08823529411764706 0.28846153846153844 0.08108108108108109 0.11428571428571428 0.3793103448275862 0.3157894736842105 0.4 0.2553191489361702 0.2222222222222222 0.0 0.2641509433962264 0.08108108108108109 0.07692307692307693 0.07692307692307693 0.07692307692307693 
org.uma.jmetal.auto.parameter.StringParameter 0.06666666666666667 0.0 0.0 0.024390243902439025 0.024390243902439025 0.039473684210526314 0.039473684210526314 0.0 0.0 0.0 0.0 0.0 0.05172413793103448 0.05263157894736842 0.034482758620689655 0.05263157894736842 0.0 0.0 0.0 0.0 0.0 0.0 0.0 0.0 0.06666666666666667 0.0 0.09523809523809523 0.06666666666666667 0.05 0.0 0.05405405405405406 0.07547169811320754 0.09302325581395349 0.0 0.0 0.14705882352941177 0.16666666666666666 0.1935483870967742 0.1568627450980392 0.09090909090909091 0.36363636363636365 0.1875 1.0 0.05263157894736842 0.12195121951219512 0.17142857142857143 0.23076923076923078 0.25 0.2 0.2 0.15789473684210525 0.25 0.16666666666666666 0.1875 0.1875 0.11363636363636363 0.15789473684210525 0.23529411764705882 0.15789473684210525 0.23076923076923078 0.19230769230769232 0.1388888888888889 0.09259259259259259 0.0 0.11363636363636363 0.15789473684210525 0.14285714285714285 0.14285714285714285 0.14285714285714285 
org.uma.jmetal.auto.parameter.catalogue.AggregationFunctionParameter 0.06666666666666667 0.3684210526315789 0.3684210526315789 0.012048192771084338 0.012048192771084338 0.006369426751592357 0.006369426751592357 0.13333333333333333 0.3333333333333333 0.11764705882352941 0.13333333333333333 0.0625 0.016666666666666666 0.05263157894736842 0.034482758620689655 0.05263157894736842 0.0 0.0 0.0 0.0 0.0 0.0 0.0 0.0 0.06666666666666667 0.0 0.045454545454545456 0.06666666666666667 0.05 0.07142857142857142 0.02631578947368421 0.017857142857142856 0.021739130434782608 0.18181818181818182 0.0 0.02631578947368421 0.029411764705882353 0.027777777777777776 0.017241379310344827 0.09090909090909091 0.07142857142857142 0.02702702702702703 0.05263157894736842 1.0 0.022222222222222223 0.025 0.03225806451612903 0.07142857142857142 0.043478260869565216 0.058823529411764705 0.047619047619047616 0.05263157894736842 0.05 0.05555555555555555 0.05555555555555555 0.020833333333333332 0.047619047619047616 0.05 0.047619047619047616 0.03225806451612903 0.03333333333333333 0.025 0.03508771929824561 0.1 0.0425531914893617 0.047619047619047616 0.043478260869565216 0.043478260869565216 0.043478260869565216 
org.uma.jmetal.auto.parameter.catalogue.CreateInitialSolutionsParameter 0.024390243902439025 0.0 0.0 0.06796116504854369 0.06796116504854369 0.15 0.15 0.0 0.0 0.0 0.0 0.0 0.1917808219178082 0.022222222222222223 0.07692307692307693 0.022222222222222223 0.0 0.0 0.0 0.0 0.0 0.0 0.0 0.0 0.024390243902439025 0.0 0.11363636363636363 0.024390243902439025 0.09302325581395349 0.0 0.06557377049180328 0.25757575757575757 0.23728813559322035 0.0 0.0 0.3541666666666667 0.32608695652173914 0.3125 0.25 0.02702702702702703 0.07894736842105263 0.30612244897959184 0.12195121951219512 0.022222222222222223 1.0 0.34 0.3181818181818182 0.3023255813953488 0.19047619047619047 0.1891891891891892 0.17073170731707318 0.1794871794871795 0.175 0.18421052631578946 0.18421052631578946 0.3157894736842105 0.2 0.175 0.2972972972972973 0.3181818181818182 0.3902439024390244 0.425531914893617 0.3492063492063492 0.0 0.4423076923076923 0.17073170731707318 0.19047619047619047 0.19047619047619047 0.19047619047619047 
org.uma.jmetal.auto.parameter.catalogue.CrossoverParameter 0.027777777777777776 0.0 0.0 0.019417475728155338 0.019417475728155338 0.11875 0.11875 0.0 0.0 0.0 0.0 0.0 0.15492957746478872 0.025 0.02 0.025 0.0 0.0 0.0 0.0 0.0 0.0 0.0 0.0 0.027777777777777776 0.0 0.047619047619047616 0.027777777777777776 0.024390243902439025 0.0 0.034482758620689655 0.2 0.23636363636363636 0.0 0.0 0.36363636363636365 0.36585365853658536 0.3488372093023256 0.3559322033898305 0.03125 0.09090909090909091 0.3409090909090909 0.17142857142857143 0.025 0.34 1.0 0.325 0.34210526315789475 0.125 0.11428571428571428 0.10256410256410256 0.10810810810810811 0.10526315789473684 0.1111111111111111 0.1111111111111111 0.627906976744186 0.13157894736842105 0.10526315789473684 0.3870967741935484 0.325 0.4857142857142857 0.2653061224489796 0.40350877192982454 0.0 0.4 0.10256410256410256 0.125 0.125 0.125 
