org.apache.logging.log4j.io.ByteStreamLogger 1.0 1.0 1.0 0.7272727272727273 0.13513513513513514 0.4074074074074074 0.38461538461538464 0.3333333333333333 0.35714285714285715 0.5384615384615384 0.5185185185185185 0.4074074074074074 0.24242424242424243 0.5384615384615384 0.42424242424242425 0.041666666666666664 0.043478260869565216 0.043478260869565216 0.045454545454545456 0.045454545454545456 0.045454545454545456 0.045454545454545456 0.045454545454545456 0.041666666666666664 0.043478260869565216 0.043478260869565216 
org.apache.logging.log4j.io.ByteStreamLogger$1 1.0 1.0 1.0 0.7272727272727273 0.13513513513513514 0.4074074074074074 0.38461538461538464 0.3333333333333333 0.35714285714285715 0.5384615384615384 0.5185185185185185 0.4074074074074074 0.24242424242424243 0.5384615384615384 0.42424242424242425 0.041666666666666664 0.043478260869565216 0.043478260869565216 0.045454545454545456 0.045454545454545456 0.045454545454545456 0.045454545454545456 0.045454545454545456 0.041666666666666664 0.043478260869565216 0.043478260869565216 
org.apache.logging.log4j.io.ByteStreamLogger$ByteBufferInputStream 1.0 1.0 1.0 0.7272727272727273 0.13513513513513514 0.4074074074074074 0.38461538461538464 0.3333333333333333 0.35714285714285715 0.5384615384615384 0.5185185185185185 0.4074074074074074 0.24242424242424243 0.5384615384615384 0.42424242424242425 0.041666666666666664 0.043478260869565216 0.043478260869565216 0.045454545454545456 0.045454545454545456 0.045454545454545456 0.045454545454545456 0.045454545454545456 0.041666666666666664 0.043478260869565216 0.043478260869565216 
org.apache.logging.log4j.io.CharStreamLogger 0.7272727272727273 0.7272727272727273 0.7272727272727273 1.0 0.15151515151515152 0.4782608695652174 0.45454545454545453 0.4 0.4166666666666667 0.6363636363636364 0.6086956521739131 0.4782608695652174 0.27586206896551724 0.6363636363636364 0.4827586206896552 0.05 0.05263157894736842 0.05263157894736842 0.05555555555555555 0.05555555555555555 0.05555555555555555 0.05555555555555555 0.05555555555555555 0.05 0.05263157894736842 0.05263157894736842 
org.apache.logging.log4j.io.IoBuilder 0.13513513513513514 0.13513513513513514 0.13513513513513514 0.15151515151515152 1.0 0.22580645161290322 0.2 0.10344827586206896 0.26666666666666666 0.21212121212121213 0.20588235294117646 0.22580645161290322 0.3225806451612903 0.21212121212121213 0.20512820512820512 0.041666666666666664 0.043478260869565216 0.043478260869565216 0.045454545454545456 0.045454545454545456 0.045454545454545456 0.045454545454545456 0.045454545454545456 0.041666666666666664 0.043478260869565216 0.043478260869565216 
org.apache.logging.log4j.io.LoggerBufferedInputStream 0.4074074074074074 0.4074074074074074 0.4074074074074074 0.4782608695652174 0.22580645161290322 1.0 0.8823529411764706 0.47368421052631576 0.5454545454545454 0.7142857142857143 0.6818181818181818 0.7894736842105263 0.48 0.7142857142857143 0.5357142857142857 0.10526315789473684 0.1111111111111111 0.1111111111111111 0.11764705882352941 0.11764705882352941 0.11764705882352941 0.11764705882352941 0.11764705882352941 0.10526315789473684 0.1111111111111111 0.1111111111111111 
org.apache.logging.log4j.io.LoggerBufferedReader 0.38461538461538464 0.38461538461538464 0.38461538461538464 0.45454545454545453 0.2 0.8823529411764706 1.0 0.5294117647058824 0.5238095238095238 0.7 0.6666666666666666 0.7777777777777778 0.4583333333333333 0.7 0.5185185185185185 0.11764705882352941 0.125 0.125 0.13333333333333333 0.13333333333333333 0.13333333333333333 0.13333333333333333 0.13333333333333333 0.11764705882352941 0.125 0.125 
org.apache.logging.log4j.io.LoggerFilterOutputStream 0.3333333333333333 0.3333333333333333 0.3333333333333333 0.4 0.10344827586206896 0.47368421052631576 0.5294117647058824 1.0 0.6470588235294118 0.5789473684210527 0.55 0.47368421052631576 0.24 0.5789473684210527 0.4230769230769231 0.15384615384615385 0.16666666666666666 0.16666666666666666 0.18181818181818182 0.18181818181818182 0.18181818181818182 0.18181818181818182 0.18181818181818182 0.15384615384615385 0.16666666666666666 0.16666666666666666 
org.apache.logging.log4j.io.LoggerFilterWriter 0.35714285714285715 0.35714285714285715 0.35714285714285715 0.4166666666666667 0.26666666666666666 0.5454545454545454 0.5238095238095238 0.6470588235294118 1.0 0.6363636363636364 0.6086956521739131 0.5454545454545454 0.4230769230769231 0.6363636363636364 0.5925925925925926 0.10526315789473684 0.1111111111111111 0.1111111111111111 0.11764705882352941 0.11764705882352941 0.11764705882352941 0.11764705882352941 0.11764705882352941 0.10526315789473684 0.1111111111111111 0.1111111111111111 
org.apache.logging.log4j.io.LoggerInputStream 0.5384615384615384 0.5384615384615384 0.5384615384615384 0.6363636363636364 0.21212121212121213 0.7142857142857143 0.7 0.5789473684210527 0.6363636363636364 1.0 0.95 0.8 0.5 1.0 0.6666666666666666 0.09523809523809523 0.1 0.1 0.10526315789473684 0.10526315789473684 0.10526315789473684 0.10526315789473684 0.10526315789473684 0.09523809523809523 0.1 0.1 
org.apache.logging.log4j.io.LoggerOutputStream 0.5185185185185185 0.5185185185185185 0.5185185185185185 0.6086956521739131 0.20588235294117646 0.6818181818181818 0.6666666666666666 0.55 0.6086956521739131 0.95 1.0 0.7619047619047619 0.48148148148148145 0.95 0.6428571428571429 0.09090909090909091 0.09523809523809523 0.09523809523809523 0.1 0.1 0.1 0.1 0.1 0.09090909090909091 0.09523809523809523 0.09523809523809523 
org.apache.logging.log4j.io.LoggerPrintStream 0.4074074074074074 0.4074074074074074 0.4074074074074074 0.4782608695652174 0.22580645161290322 0.7894736842105263 0.7777777777777778 0.47368421052631576 0.5454545454545454 0.8 0.7619047619047619 1.0 0.5416666666666666 0.8 0.5357142857142857 0.10526315789473684 0.1111111111111111 0.1111111111111111 0.11764705882352941 0.11764705882352941 0.11764705882352941 0.11764705882352941 0.11764705882352941 0.10526315789473684 0.1111111111111111 0.1111111111111111 
org.apache.logging.log4j.io.LoggerPrintWriter 0.24242424242424243 0.24242424242424243 0.24242424242424243 0.27586206896551724 0.3225806451612903 0.48 0.4583333333333333 0.24 0.4230769230769231 0.5 0.48148148148148145 0.5416666666666666 1.0 0.5 0.3939393939393939 0.14285714285714285 0.09523809523809523 0.09523809523809523 0.1 0.1 0.1 0.1 0.1 0.14285714285714285 0.09523809523809523 0.09523809523809523 
org.apache.logging.log4j.io.LoggerReader 0.5384615384615384 0.5384615384615384 0.5384615384615384 0.6363636363636364 0.21212121212121213 0.7142857142857143 0.7 0.5789473684210527 0.6363636363636364 1.0 0.95 0.8 0.5 1.0 0.6666666666666666 0.09523809523809523 0.1 0.1 0.10526315789473684 0.10526315789473684 0.10526315789473684 0.10526315789473684 0.10526315789473684 0.09523809523809523 0.1 0.1 
org.apache.logging.log4j.io.LoggerWriter 0.42424242424242425 0.42424242424242425 0.42424242424242425 0.4827586206896552 0.20512820512820512 0.5357142857142857 0.5185185185185185 0.4230769230769231 0.5925925925925926 0.6666666666666666 0.6428571428571429 0.5357142857142857 0.3939393939393939 0.6666666666666666 1.0 0.07142857142857142 0.07407407407407407 0.07407407407407407 0.07692307692307693 0.07692307692307693 0.07692307692307693 0.07692307692307693 0.07692307692307693 0.07142857142857142 0.07407407407407407 0.07407407407407407 
org.apache.logging.log4j.io.internal.InternalBufferedInputStream 0.041666666666666664 0.041666666666666664 0.041666666666666664 0.05 0.041666666666666664 0.10526315789473684 0.11764705882352941 0.15384615384615385 0.10526315789473684 0.09523809523809523 0.09090909090909091 0.10526315789473684 0.14285714285714285 0.09523809523809523 0.07142857142857142 1.0 0.75 0.75 0.5 0.5 0.5 0.5 0.5 1.0 0.75 0.75 
org.apache.logging.log4j.io.internal.InternalBufferedReader 0.043478260869565216 0.043478260869565216 0.043478260869565216 0.05263157894736842 0.043478260869565216 0.1111111111111111 0.125 0.16666666666666666 0.1111111111111111 0.1 0.09523809523809523 0.1111111111111111 0.09523809523809523 0.1 0.07407407407407407 0.75 1.0 1.0 0.6666666666666666 0.6666666666666666 0.6666666666666666 0.6666666666666666 0.6666666666666666 0.75 1.0 1.0 
org.apache.logging.log4j.io.internal.InternalFilterOutputStream 0.043478260869565216 0.043478260869565216 0.043478260869565216 0.05263157894736842 0.043478260869565216 0.1111111111111111 0.125 0.16666666666666666 0.1111111111111111 0.1 0.09523809523809523 0.1111111111111111 0.09523809523809523 0.1 0.07407407407407407 0.75 1.0 1.0 0.6666666666666666 0.6666666666666666 0.6666666666666666 0.6666666666666666 0.6666666666666666 0.75 1.0 1.0 
org.apache.logging.log4j.io.internal.InternalFilterWriter 0.045454545454545456 0.045454545454545456 0.045454545454545456 0.05555555555555555 0.045454545454545456 0.11764705882352941 0.13333333333333333 0.18181818181818182 0.11764705882352941 0.10526315789473684 0.1 0.11764705882352941 0.1 0.10526315789473684 0.07692307692307693 0.5 0.6666666666666666 0.6666666666666666 1.0 1.0 1.0 1.0 1.0 0.5 0.6666666666666666 0.6666666666666666 
org.apache.logging.log4j.io.internal.InternalInputStream 0.045454545454545456 0.045454545454545456 0.045454545454545456 0.05555555555555555 0.045454545454545456 0.11764705882352941 0.13333333333333333 0.18181818181818182 0.11764705882352941 0.10526315789473684 0.1 0.11764705882352941 0.1 0.10526315789473684 0.07692307692307693 0.5 0.6666666666666666 0.6666666666666666 1.0 1.0 1.0 1.0 1.0 0.5 0.6666666666666666 0.6666666666666666 
org.apache.logging.log4j.io.internal.InternalLoggerReader 0.045454545454545456 0.045454545454545456 0.045454545454545456 0.05555555555555555 0.045454545454545456 0.11764705882352941 0.13333333333333333 0.18181818181818182 0.11764705882352941 0.10526315789473684 0.1 0.11764705882352941 0.1 0.10526315789473684 0.07692307692307693 0.5 0.6666666666666666 0.6666666666666666 1.0 1.0 1.0 1.0 1.0 0.5 0.6666666666666666 0.6666666666666666 
org.apache.logging.log4j.io.internal.InternalOutputStream 0.045454545454545456 0.045454545454545456 0.045454545454545456 0.05555555555555555 0.045454545454545456 0.11764705882352941 0.13333333333333333 0.18181818181818182 0.11764705882352941 0.10526315789473684 0.1 0.11764705882352941 0.1 0.10526315789473684 0.07692307692307693 0.5 0.6666666666666666 0.6666666666666666 1.0 1.0 1.0 1.0 1.0 0.5 0.6666666666666666 0.6666666666666666 
org.apache.logging.log4j.io.internal.InternalPrintStream 0.045454545454545456 0.045454545454545456 0.045454545454545456 0.05555555555555555 0.045454545454545456 0.11764705882352941 0.13333333333333333 0.18181818181818182 0.11764705882352941 0.10526315789473684 0.1 0.11764705882352941 0.1 0.10526315789473684 0.07692307692307693 0.5 0.6666666666666666 0.6666666666666666 1.0 1.0 1.0 1.0 1.0 0.5 0.6666666666666666 0.6666666666666666 
org.apache.logging.log4j.io.internal.InternalPrintWriter 0.041666666666666664 0.041666666666666664 0.041666666666666664 0.05 0.041666666666666664 0.10526315789473684 0.11764705882352941 0.15384615384615385 0.10526315789473684 0.09523809523809523 0.09090909090909091 0.10526315789473684 0.14285714285714285 0.09523809523809523 0.07142857142857142 1.0 0.75 0.75 0.5 0.5 0.5 0.5 0.5 1.0 0.75 0.75 
org.apache.logging.log4j.io.internal.InternalReader 0.043478260869565216 0.043478260869565216 0.043478260869565216 0.05263157894736842 0.043478260869565216 0.1111111111111111 0.125 0.16666666666666666 0.1111111111111111 0.1 0.09523809523809523 0.1111111111111111 0.09523809523809523 0.1 0.07407407407407407 0.75 1.0 1.0 0.6666666666666666 0.6666666666666666 0.6666666666666666 0.6666666666666666 0.6666666666666666 0.75 1.0 1.0 
org.apache.logging.log4j.io.internal.InternalWriter 0.043478260869565216 0.043478260869565216 0.043478260869565216 0.05263157894736842 0.043478260869565216 0.1111111111111111 0.125 0.16666666666666666 0.1111111111111111 0.1 0.09523809523809523 0.1111111111111111 0.09523809523809523 0.1 0.07407407407407407 0.75 1.0 1.0 0.6666666666666666 0.6666666666666666 0.6666666666666666 0.6666666666666666 0.6666666666666666 0.75 1.0 1.0 
