org.apache.logging.log4j.core.appender.db.jpa.AbstractLogEventWrapperEntity 1.0 1.0 1.0 0.40476190476190477 0.13559322033898305 0.16666666666666666 0.16666666666666666 0.16666666666666666 0.16666666666666666 0.16666666666666666 0.15384615384615385 0.16216216216216217 0.175 0.175 0.21621621621621623 0.21428571428571427 0.21428571428571427 0.07317073170731707 0.05263157894736842 0.1794871794871795 0.15384615384615385 0.17073170731707318 0.17777777777777778 
org.apache.logging.log4j.core.appender.db.jpa.AbstractLogEventWrapperEntity$1 1.0 1.0 1.0 0.40476190476190477 0.13559322033898305 0.16666666666666666 0.16666666666666666 0.16666666666666666 0.16666666666666666 0.16666666666666666 0.15384615384615385 0.16216216216216217 0.175 0.175 0.21621621621621623 0.21428571428571427 0.21428571428571427 0.07317073170731707 0.05263157894736842 0.1794871794871795 0.15384615384615385 0.17073170731707318 0.17777777777777778 
org.apache.logging.log4j.core.appender.db.jpa.AbstractLogEventWrapperEntity$NullLogEvent 1.0 1.0 1.0 0.40476190476190477 0.13559322033898305 0.16666666666666666 0.16666666666666666 0.16666666666666666 0.16666666666666666 0.16666666666666666 0.15384615384615385 0.16216216216216217 0.175 0.175 0.21621621621621623 0.21428571428571427 0.21428571428571427 0.07317073170731707 0.05263157894736842 0.1794871794871795 0.15384615384615385 0.17073170731707318 0.17777777777777778 
org.apache.logging.log4j.core.appender.db.jpa.BasicLogEventEntity 0.40476190476190477 0.40476190476190477 0.40476190476190477 1.0 0.125 0.13636363636363635 0.13636363636363635 0.13636363636363635 0.13636363636363635 0.11538461538461539 0.10344827586206896 0.2 0.1724137931034483 0.1724137931034483 0.18518518518518517 0.15151515151515152 0.15151515151515152 0.10714285714285714 0.125 0.17857142857142858 0.18518518518518517 0.16666666666666666 0.17647058823529413 
org.apache.logging.log4j.core.appender.db.jpa.JpaAppender 0.13559322033898305 0.13559322033898305 0.13559322033898305 0.125 1.0 0.1836734693877551 0.1836734693877551 0.1836734693877551 0.1836734693877551 0.05714285714285714 0.05263157894736842 0.11764705882352941 0.16666666666666666 0.16666666666666666 0.1111111111111111 0.15 0.15 0.02631578947368421 0.09375 0.17142857142857143 0.17647058823529413 0.19444444444444445 0.2972972972972973 
org.apache.logging.log4j.core.appender.db.jpa.JpaDatabaseManager 0.16666666666666666 0.16666666666666666 0.16666666666666666 0.13636363636363635 0.1836734693877551 1.0 1.0 1.0 1.0 0.06451612903225806 0.058823529411764705 0.21428571428571427 0.15151515151515152 0.15151515151515152 0.16129032258064516 0.16666666666666666 0.16666666666666666 0.09375 0.06896551724137931 0.15625 0.16129032258064516 0.14705882352941177 0.15789473684210525 
org.apache.logging.log4j.core.appender.db.jpa.JpaDatabaseManager$1 0.16666666666666666 0.16666666666666666 0.16666666666666666 0.13636363636363635 0.1836734693877551 1.0 1.0 1.0 1.0 0.06451612903225806 0.058823529411764705 0.21428571428571427 0.15151515151515152 0.15151515151515152 0.16129032258064516 0.16666666666666666 0.16666666666666666 0.09375 0.06896551724137931 0.15625 0.16129032258064516 0.14705882352941177 0.15789473684210525 
org.apache.logging.log4j.core.appender.db.jpa.JpaDatabaseManager$FactoryData 0.16666666666666666 0.16666666666666666 0.16666666666666666 0.13636363636363635 0.1836734693877551 1.0 1.0 1.0 1.0 0.06451612903225806 0.058823529411764705 0.21428571428571427 0.15151515151515152 0.15151515151515152 0.16129032258064516 0.16666666666666666 0.16666666666666666 0.09375 0.06896551724137931 0.15625 0.16129032258064516 0.14705882352941177 0.15789473684210525 
org.apache.logging.log4j.core.appender.db.jpa.JpaDatabaseManager$JPADatabaseManagerFactory 0.16666666666666666 0.16666666666666666 0.16666666666666666 0.13636363636363635 0.1836734693877551 1.0 1.0 1.0 1.0 0.06451612903225806 0.058823529411764705 0.21428571428571427 0.15151515151515152 0.15151515151515152 0.16129032258064516 0.16666666666666666 0.16666666666666666 0.09375 0.06896551724137931 0.15625 0.16129032258064516 0.14705882352941177 0.15789473684210525 
org.apache.logging.log4j.core.appender.db.jpa.converter.ContextDataAttributeConverter 0.16666666666666666 0.16666666666666666 0.16666666666666666 0.11538461538461539 0.05714285714285714 0.06451612903225806 0.06451612903225806 0.06451612903225806 0.06451612903225806 1.0 0.6666666666666666 0.18181818181818182 0.13333333333333333 0.13333333333333333 0.15384615384615385 0.10526315789473684 0.10526315789473684 0.07692307692307693 0.25 0.14285714285714285 0.15384615384615385 0.125 0.09523809523809523 
org.apache.logging.log4j.core.appender.db.jpa.converter.ContextDataJsonAttributeConverter 0.15384615384615385 0.15384615384615385 0.15384615384615385 0.10344827586206896 0.05263157894736842 0.058823529411764705 0.058823529411764705 0.058823529411764705 0.058823529411764705 0.6666666666666666 1.0 0.14285714285714285 0.1111111111111111 0.1111111111111111 0.125 0.09090909090909091 0.09090909090909091 0.0625 0.18181818181818182 0.11764705882352941 0.125 0.10526315789473684 0.08333333333333333 
org.apache.logging.log4j.core.appender.db.jpa.converter.ContextMapAttributeConverter 0.16216216216216217 0.16216216216216217 0.16216216216216217 0.2 0.11764705882352941 0.21428571428571427 0.21428571428571427 0.21428571428571427 0.21428571428571427 0.18181818181818182 0.14285714285714285 1.0 0.38461538461538464 0.38461538461538464 0.6 0.29411764705882354 0.29411764705882354 0.07142857142857142 0.2222222222222222 0.5454545454545454 0.6 0.35714285714285715 0.3333333333333333 
org.apache.logging.log4j.core.appender.db.jpa.converter.ContextMapJsonAttributeConverter 0.175 0.175 0.175 0.1724137931034483 0.16666666666666666 0.15151515151515152 0.15151515151515152 0.15151515151515152 0.15151515151515152 0.13333333333333333 0.1111111111111111 0.38461538461538464 1.0 1.0 0.42857142857142855 0.7333333333333333 0.7333333333333333 0.05555555555555555 0.25 0.6153846153846154 0.5384615384615384 0.7692307692307693 0.47368421052631576 
org.apache.logging.log4j.core.appender.db.jpa.converter.ContextMapJsonAttributeConverter$1 0.175 0.175 0.175 0.1724137931034483 0.16666666666666666 0.15151515151515152 0.15151515151515152 0.15151515151515152 0.15151515151515152 0.13333333333333333 0.1111111111111111 0.38461538461538464 1.0 1.0 0.42857142857142855 0.7333333333333333 0.7333333333333333 0.05555555555555555 0.25 0.6153846153846154 0.5384615384615384 0.7692307692307693 0.47368421052631576 
org.apache.logging.log4j.core.appender.db.jpa.converter.ContextStackAttributeConverter 0.21621621621621623 0.21621621621621623 0.21621621621621623 0.18518518518518517 0.1111111111111111 0.16129032258064516 0.16129032258064516 0.16129032258064516 0.16129032258064516 0.15384615384615385 0.125 0.6 0.42857142857142855 0.42857142857142855 1.0 0.5 0.5 0.0625 0.18181818181818182 0.5833333333333334 0.5 0.4 0.3684210526315789 
org.apache.logging.log4j.core.appender.db.jpa.converter.ContextStackJsonAttributeConverter 0.21428571428571427 0.21428571428571427 0.21428571428571427 0.15151515151515152 0.15 0.16666666666666666 0.16666666666666666 0.16666666666666666 0.16666666666666666 0.10526315789473684 0.09090909090909091 0.29411764705882354 0.7333333333333333 0.7333333333333333 0.5 1.0 1.0 0.045454545454545456 0.1875 0.47058823529411764 0.4117647058823529 0.5882352941176471 0.391304347826087 
org.apache.logging.log4j.core.appender.db.jpa.converter.ContextStackJsonAttributeConverter$1 0.21428571428571427 0.21428571428571427 0.21428571428571427 0.15151515151515152 0.15 0.16666666666666666 0.16666666666666666 0.16666666666666666 0.16666666666666666 0.10526315789473684 0.09090909090909091 0.29411764705882354 0.7333333333333333 0.7333333333333333 0.5 1.0 1.0 0.045454545454545456 0.1875 0.47058823529411764 0.4117647058823529 0.5882352941176471 0.391304347826087 
org.apache.logging.log4j.core.appender.db.jpa.converter.InstantAttributeConverter 0.07317073170731707 0.07317073170731707 0.07317073170731707 0.10714285714285714 0.02631578947368421 0.09375 0.09375 0.09375 0.09375 0.07692307692307693 0.0625 0.07142857142857142 0.05555555555555555 0.05555555555555555 0.0625 0.045454545454545456 0.045454545454545456 1.0 0.09090909090909091 0.058823529411764705 0.0625 0.1111111111111111 0.041666666666666664 
org.apache.logging.log4j.core.appender.db.jpa.converter.LevelAttributeConverter 0.05263157894736842 0.05263157894736842 0.05263157894736842 0.125 0.09375 0.06896551724137931 0.06896551724137931 0.06896551724137931 0.06896551724137931 0.25 0.18181818181818182 0.2222222222222222 0.25 0.25 0.18181818181818182 0.1875 0.1875 0.09090909090909091 1.0 0.2727272727272727 0.3 0.23076923076923078 0.16666666666666666 
org.apache.logging.log4j.core.appender.db.jpa.converter.MarkerAttributeConverter 0.1794871794871795 0.1794871794871795 0.1794871794871795 0.17857142857142858 0.17142857142857143 0.15625 0.15625 0.15625 0.15625 0.14285714285714285 0.11764705882352941 0.5454545454545454 0.6153846153846154 0.6153846153846154 0.5833333333333334 0.47058823529411764 0.47058823529411764 0.058823529411764705 0.2727272727272727 1.0 0.7272727272727273 0.5714285714285714 0.5 
org.apache.logging.log4j.core.appender.db.jpa.converter.MessageAttributeConverter 0.15384615384615385 0.15384615384615385 0.15384615384615385 0.18518518518518517 0.17647058823529413 0.16129032258064516 0.16129032258064516 0.16129032258064516 0.16129032258064516 0.15384615384615385 0.125 0.6 0.5384615384615384 0.5384615384615384 0.5 0.4117647058823529 0.4117647058823529 0.0625 0.3 0.7272727272727273 1.0 0.5 0.4444444444444444 
org.apache.logging.log4j.core.appender.db.jpa.converter.StackTraceElementAttributeConverter 0.17073170731707318 0.17073170731707318 0.17073170731707318 0.16666666666666666 0.19444444444444445 0.14705882352941177 0.14705882352941177 0.14705882352941177 0.14705882352941177 0.125 0.10526315789473684 0.35714285714285715 0.7692307692307693 0.7692307692307693 0.4 0.5882352941176471 0.5882352941176471 0.1111111111111111 0.23076923076923078 0.5714285714285714 0.5 1.0 0.45 
org.apache.logging.log4j.core.appender.db.jpa.converter.ThrowableAttributeConverter 0.17777777777777778 0.17777777777777778 0.17777777777777778 0.17647058823529413 0.2972972972972973 0.15789473684210525 0.15789473684210525 0.15789473684210525 0.15789473684210525 0.09523809523809523 0.08333333333333333 0.3333333333333333 0.47368421052631576 0.47368421052631576 0.3684210526315789 0.391304347826087 0.391304347826087 0.041666666666666664 0.16666666666666666 0.5 0.4444444444444444 0.45 1.0 
