org.apache.lucene.search.highlight.DefaultEncoder 1.0 0.45 0.23076923076923078 0.23076923076923078 0.27586206896551724 0.13333333333333333 0.13333333333333333 0.3 0.09090909090909091 0.3 0.2 0.21052631578947367 0.13725490196078433 0.125 0.125 0.2608695652173913 0.06521739130434782 0.25925925925925924 0.5 0.32 0.23333333333333334 0.21428571428571427 0.03571428571428571 0.03571428571428571 0.03571428571428571 0.03571428571428571 0.21875 0.16666666666666666 0.1044776119402985 0.13333333333333333 0.13333333333333333 0.25 0.0423728813559322 0.0423728813559322 0.0423728813559322 0.2916666666666667 0.05555555555555555 0.05263157894736842 0.05 0.05 0.05 0.05 0.05 0.05 0.041666666666666664 0.041666666666666664 0.041666666666666664 0.041666666666666664 0.041666666666666664 0.041666666666666664 0.038461538461538464 0.038461538461538464 0.038461538461538464 0.038461538461538464 0.038461538461538464 0.038461538461538464 0.038461538461538464 0.038461538461538464 0.045454545454545456 0.05 0.045454545454545456 0.045454545454545456 0.05 0.05 0.05 0.05263157894736842 0.05555555555555555 0.05 0.05555555555555555 0.06896551724137931 0.06896551724137931 0.06896551724137931 0.047619047619047616 0.047619047619047616 0.045454545454545456 0.045454545454545456 0.05555555555555555 0.09523809523809523 0.06896551724137931 0.04 0.04 0.04 0.05263157894736842 0.05263157894736842 0.05 0.03333333333333333 0.03333333333333333 0.0 0.045454545454545456 0.045454545454545456 0.043478260869565216 0.03571428571428571 0.03571428571428571 0.03571428571428571 0.03571428571428571 0.03571428571428571 0.03571428571428571 0.03571428571428571 0.03571428571428571 0.05555555555555555 0.05555555555555555 0.05555555555555555 0.05555555555555555 0.05 0.06896551724137931 0.06896551724137931 0.03225806451612903 0.03225806451612903 0.03225806451612903 0.03225806451612903 0.03225806451612903 0.03225806451612903 0.03225806451612903 0.03225806451612903 0.03225806451612903 0.047619047619047616 0.041666666666666664 0.05555555555555555 0.047619047619047616 0.047619047619047616 0.047619047619047616 0.041666666666666664 0.038461538461538464 0.038461538461538464 0.047619047619047616 0.018518518518518517 0.018518518518518517 0.018518518518518517 0.018518518518518517 0.018518518518518517 0.018518518518518517 0.018518518518518517 0.018518518518518517 0.018518518518518517 0.018518518518518517 0.018518518518518517 0.018518518518518517 0.08 0.14285714285714285 0.14285714285714285 0.125 0.125 0.21052631578947367 0.36363636363636365 0.1724137931034483 0.16666666666666666 0.16666666666666666 0.16666666666666666 0.13157894736842105 0.13157894736842105 0.13157894736842105 0.09615384615384616 0.09615384615384616 0.07936507936507936 0.07936507936507936 0.2631578947368421 0.23809523809523808 0.36666666666666664 0.36666666666666664 0.32 0.13636363636363635 0.36666666666666664 0.37037037037037035 0.38461538461538464 0.14285714285714285 0.22727272727272727 
org.apache.lucene.search.highlight.Encoder 0.45 1.0 0.2857142857142857 0.35 0.23076923076923078 0.16666666666666666 0.16666666666666666 0.3125 0.11764705882352941 0.23529411764705882 0.1875 0.2 0.15217391304347827 0.11363636363636363 0.11363636363636363 0.2 0.06896551724137931 0.2608695652173913 0.5625 0.2727272727272727 0.28 0.20833333333333334 0.0392156862745098 0.0392156862745098 0.0392156862745098 0.0392156862745098 0.25925925925925924 0.23333333333333334 0.078125 0.09523809523809523 0.09523809523809523 0.25 0.04424778761061947 0.04424778761061947 0.04424778761061947 0.3684210526315789 0.07692307692307693 0.07142857142857142 0.06666666666666667 0.06666666666666667 0.06666666666666667 0.06666666666666667 0.06666666666666667 0.06666666666666667 0.05263157894736842 0.05263157894736842 0.05263157894736842 0.05263157894736842 0.05263157894736842 0.05263157894736842 0.047619047619047616 0.047619047619047616 0.047619047619047616 0.047619047619047616 0.047619047619047616 0.047619047619047616 0.047619047619047616 0.047619047619047616 0.125 0.06666666666666667 0.058823529411764705 0.058823529411764705 0.06666666666666667 0.06666666666666667 0.06666666666666667 0.07142857142857142 0.07692307692307693 0.08823529411764706 0.07692307692307693 0.08333333333333333 0.08333333333333333 0.08333333333333333 0.0625 0.0625 0.058823529411764705 0.058823529411764705 0.07692307692307693 0.125 0.08333333333333333 0.05 0.05 0.05 0.15384615384615385 0.15384615384615385 0.06666666666666667 0.04 0.04 0.0 0.05128205128205128 0.05128205128205128 0.05555555555555555 0.043478260869565216 0.043478260869565216 0.043478260869565216 0.043478260869565216 0.043478260869565216 0.043478260869565216 0.043478260869565216 0.043478260869565216 0.07692307692307693 0.07692307692307693 0.07692307692307693 0.07692307692307693 0.08823529411764706 0.08333333333333333 0.08333333333333333 0.038461538461538464 0.038461538461538464 0.038461538461538464 0.038461538461538464 0.038461538461538464 0.038461538461538464 0.038461538461538464 0.038461538461538464 0.038461538461538464 0.0625 0.05263157894736842 0.07692307692307693 0.0625 0.0625 0.0625 0.05263157894736842 0.047619047619047616 0.047619047619047616 0.0625 0.041666666666666664 0.041666666666666664 0.041666666666666664 0.041666666666666664 0.041666666666666664 0.041666666666666664 0.041666666666666664 0.041666666666666664 0.041666666666666664 0.041666666666666664 0.041666666666666664 0.041666666666666664 0.1 0.11764705882352941 0.11764705882352941 0.08888888888888889 0.08888888888888889 0.2 0.13636363636363635 0.16 0.15384615384615385 0.15384615384615385 0.15384615384615385 0.15151515151515152 0.15151515151515152 0.15151515151515152 0.10638297872340426 0.10638297872340426 0.08620689655172414 0.08620689655172414 0.26666666666666666 0.23529411764705882 0.125 0.125 0.12 0.1111111111111111 0.125 0.14285714285714285 0.10714285714285714 0.1875 0.15789473684210525 
org.apache.lucene.search.highlight.Formatter 0.23076923076923078 0.2857142857142857 1.0 0.5789473684210527 0.34615384615384615 0.24528301886792453 0.24528301886792453 0.4117647058823529 0.1 0.3333333333333333 0.2222222222222222 0.3125 0.21739130434782608 0.3 0.3 0.22727272727272727 0.12941176470588237 0.45454545454545453 0.21739130434782608 0.631578947368421 0.16666666666666666 0.391304347826087 0.037037037037037035 0.037037037037037035 0.037037037037037035 0.037037037037037035 0.48 0.2903225806451613 0.09090909090909091 0.11363636363636363 0.11363636363636363 0.21739130434782608 0.04310344827586207 0.04310344827586207 0.04310344827586207 0.7058823529411765 0.0625 0.058823529411764705 0.05555555555555555 0.05555555555555555 0.05555555555555555 0.05555555555555555 0.05555555555555555 0.05555555555555555 0.045454545454545456 0.045454545454545456 0.045454545454545456 0.045454545454545456 0.045454545454545456 0.045454545454545456 0.041666666666666664 0.041666666666666664 0.041666666666666664 0.041666666666666664 0.041666666666666664 0.041666666666666664 0.041666666666666664 0.041666666666666664 0.05 0.05555555555555555 0.05 0.05 0.05555555555555555 0.05555555555555555 0.05555555555555555 0.058823529411764705 0.0625 0.05263157894736842 0.0625 0.07407407407407407 0.07407407407407407 0.07407407407407407 0.05263157894736842 0.05263157894736842 0.05 0.05 0.0625 0.10526315789473684 0.11538461538461539 0.043478260869565216 0.043478260869565216 0.043478260869565216 0.058823529411764705 0.058823529411764705 0.05555555555555555 0.03571428571428571 0.03571428571428571 0.0 0.047619047619047616 0.047619047619047616 0.047619047619047616 0.038461538461538464 0.038461538461538464 0.038461538461538464 0.038461538461538464 0.038461538461538464 0.038461538461538464 0.038461538461538464 0.038461538461538464 0.0625 0.0625 0.0625 0.0625 0.05263157894736842 0.07407407407407407 0.11538461538461539 0.034482758620689655 0.034482758620689655 0.034482758620689655 0.034482758620689655 0.034482758620689655 0.034482758620689655 0.034482758620689655 0.034482758620689655 0.034482758620689655 0.05263157894736842 0.045454545454545456 0.0625 0.05263157894736842 0.05263157894736842 0.05263157894736842 0.045454545454545456 0.041666666666666664 0.041666666666666664 0.05263157894736842 0.019230769230769232 0.019230769230769232 0.019230769230769232 0.019230769230769232 0.019230769230769232 0.019230769230769232 0.019230769230769232 0.019230769230769232 0.019230769230769232 0.019230769230769232 0.019230769230769232 0.019230769230769232 0.08695652173913043 0.15789473684210525 0.15789473684210525 0.10638297872340426 0.10638297872340426 0.23529411764705882 0.16666666666666666 0.18518518518518517 0.17857142857142858 0.17857142857142858 0.17857142857142858 0.1388888888888889 0.1388888888888889 0.1388888888888889 0.1 0.1 0.1 0.1 0.29411764705882354 0.2631578947368421 0.14705882352941177 0.14705882352941177 0.14814814814814814 0.15 0.14705882352941177 0.16666666666666666 0.13333333333333333 0.1 0.08695652173913043 
org.apache.lucene.search.highlight.Fragmenter 0.23076923076923078 0.35 0.5789473684210527 1.0 0.2962962962962963 0.24528301886792453 0.24528301886792453 0.2631578947368421 0.1 0.4117647058823529 0.2222222222222222 0.23529411764705882 0.3333333333333333 0.23809523809523808 0.23809523809523808 0.22727272727272727 0.17073170731707318 0.6 0.21739130434782608 0.55 0.25 0.28 0.037037037037037035 0.037037037037037035 0.037037037037037035 0.037037037037037035 0.4230769230769231 0.3333333333333333 0.125 0.11363636363636363 0.11363636363636363 0.21739130434782608 0.06140350877192982 0.06140350877192982 0.06140350877192982 0.6111111111111112 0.0625 0.058823529411764705 0.05555555555555555 0.05555555555555555 0.05555555555555555 0.05555555555555555 0.05555555555555555 0.05555555555555555 0.045454545454545456 0.045454545454545456 0.045454545454545456 0.045454545454545456 0.045454545454545456 0.045454545454545456 0.041666666666666664 0.041666666666666664 0.041666666666666664 0.041666666666666664 0.041666666666666664 0.041666666666666664 0.041666666666666664 0.041666666666666664 0.05 0.05555555555555555 0.05 0.05 0.05555555555555555 0.05555555555555555 0.05555555555555555 0.058823529411764705 0.0625 0.05263157894736842 0.0625 0.07407407407407407 0.07407407407407407 0.07407407407407407 0.05263157894736842 0.05263157894736842 0.05 0.05 0.0625 0.10526315789473684 0.07407407407407407 0.043478260869565216 0.043478260869565216 0.043478260869565216 0.058823529411764705 0.058823529411764705 0.05555555555555555 0.03571428571428571 0.03571428571428571 0.0 0.047619047619047616 0.047619047619047616 0.047619047619047616 0.038461538461538464 0.038461538461538464 0.038461538461538464 0.038461538461538464 0.038461538461538464 0.038461538461538464 0.038461538461538464 0.038461538461538464 0.0625 0.0625 0.0625 0.0625 0.05263157894736842 0.07407407407407407 0.07407407407407407 0.034482758620689655 0.034482758620689655 0.034482758620689655 0.034482758620689655 0.034482758620689655 0.034482758620689655 0.034482758620689655 0.034482758620689655 0.034482758620689655 0.05263157894736842 0.045454545454545456 0.0625 0.05263157894736842 0.05263157894736842 0.05263157894736842 0.045454545454545456 0.041666666666666664 0.041666666666666664 0.05263157894736842 0.019230769230769232 0.019230769230769232 0.019230769230769232 0.019230769230769232 0.019230769230769232 0.019230769230769232 0.019230769230769232 0.019230769230769232 0.019230769230769232 0.019230769230769232 0.019230769230769232 0.019230769230769232 0.08695652173913043 0.15789473684210525 0.15789473684210525 0.10638297872340426 0.10638297872340426 0.23529411764705882 0.16666666666666666 0.18518518518518517 0.17857142857142858 0.17857142857142858 0.17857142857142858 0.1388888888888889 0.1388888888888889 0.1388888888888889 0.1 0.1 0.08196721311475409 0.08196721311475409 0.29411764705882354 0.2631578947368421 0.14705882352941177 0.14705882352941177 0.14814814814814814 0.15 0.14705882352941177 0.16666666666666666 0.13333333333333333 0.1 0.08695652173913043 
org.apache.lucene.search.highlight.GradientFormatter 0.27586206896551724 0.23076923076923078 0.34615384615384615 0.2962962962962963 1.0 0.2033898305084746 0.2033898305084746 0.3181818181818182 0.08 0.3181818181818182 0.17391304347826086 0.23809523809523808 0.22 0.2127659574468085 0.2127659574468085 0.23076923076923078 0.08602150537634409 0.32142857142857145 0.32 0.44 0.17647058823529413 0.37037037037037035 0.03389830508474576 0.03389830508474576 0.03389830508474576 0.03389830508474576 0.3548387096774194 0.21621621621621623 0.14925373134328357 0.125 0.125 0.17857142857142858 0.04132231404958678 0.04132231404958678 0.04132231404958678 0.4166666666666667 0.047619047619047616 0.045454545454545456 0.043478260869565216 0.043478260869565216 0.043478260869565216 0.043478260869565216 0.043478260869565216 0.043478260869565216 0.037037037037037035 0.037037037037037035 0.037037037037037035 0.037037037037037035 0.037037037037037035 0.037037037037037035 0.034482758620689655 0.034482758620689655 0.034482758620689655 0.034482758620689655 0.034482758620689655 0.034482758620689655 0.034482758620689655 0.034482758620689655 0.04 0.043478260869565216 0.04 0.04 0.043478260869565216 0.043478260869565216 0.043478260869565216 0.045454545454545456 0.047619047619047616 0.07142857142857142 0.047619047619047616 0.0967741935483871 0.0967741935483871 0.0967741935483871 0.041666666666666664 0.041666666666666664 0.04 0.04 0.047619047619047616 0.08333333333333333 0.13333333333333333 0.03571428571428571 0.03571428571428571 0.03571428571428571 0.045454545454545456 0.045454545454545456 0.043478260869565216 0.030303030303030304 0.030303030303030304 0.0 0.0425531914893617 0.0425531914893617 0.038461538461538464 0.03225806451612903 0.03225806451612903 0.03225806451612903 0.03225806451612903 0.03225806451612903 0.03225806451612903 0.03225806451612903 0.03225806451612903 0.047619047619047616 0.047619047619047616 0.047619047619047616 0.047619047619047616 0.07142857142857142 0.0967741935483871 0.0967741935483871 0.029411764705882353 0.029411764705882353 0.029411764705882353 0.029411764705882353 0.029411764705882353 0.029411764705882353 0.029411764705882353 0.029411764705882353 0.029411764705882353 0.041666666666666664 0.037037037037037035 0.047619047619047616 0.041666666666666664 0.041666666666666664 0.041666666666666664 0.037037037037037035 0.07142857142857142 0.07142857142857142 0.041666666666666664 0.03571428571428571 0.03571428571428571 0.03571428571428571 0.03571428571428571 0.03571428571428571 0.03571428571428571 0.03571428571428571 0.03571428571428571 0.03571428571428571 0.03571428571428571 0.03571428571428571 0.03571428571428571 0.07142857142857142 0.125 0.125 0.11764705882352941 0.11764705882352941 0.18181818181818182 0.17857142857142858 0.15625 0.15151515151515152 0.15151515151515152 0.15151515151515152 0.12195121951219512 0.12195121951219512 0.12195121951219512 0.09090909090909091 0.09090909090909091 0.09230769230769231 0.09230769230769231 0.22727272727272727 0.20833333333333334 0.1891891891891892 0.1891891891891892 0.16129032258064516 0.12 0.15789473684210525 0.14285714285714285 0.14705882352941177 0.08 0.07142857142857142 
org.apache.lucene.search.highlight.Highlighter 0.13333333333333333 0.16666666666666666 0.24528301886792453 0.24528301886792453 0.2033898305084746 1.0 1.0 0.1320754716981132 0.03571428571428571 0.1320754716981132 0.09433962264150944 0.07547169811320754 0.29577464788732394 0.2222222222222222 0.2222222222222222 0.18867924528301888 0.11864406779661017 0.2830188679245283 0.14285714285714285 0.2641509433962264 0.2033898305084746 0.19298245614035087 0.022222222222222223 0.022222222222222223 0.022222222222222223 0.022222222222222223 0.32727272727272727 0.288135593220339 0.21348314606741572 0.08974358974358974 0.08974358974358974 0.14285714285714285 0.0979020979020979 0.0979020979020979 0.0979020979020979 0.25 0.019230769230769232 0.018867924528301886 0.018518518518518517 0.018518518518518517 0.018518518518518517 0.018518518518518517 0.018518518518518517 0.018518518518518517 0.017241379310344827 0.017241379310344827 0.017241379310344827 0.017241379310344827 0.017241379310344827 0.017241379310344827 0.016666666666666666 0.016666666666666666 0.016666666666666666 0.016666666666666666 0.016666666666666666 0.016666666666666666 0.016666666666666666 0.016666666666666666 0.03636363636363636 0.018518518518518517 0.017857142857142856 0.017857142857142856 0.018518518518518517 0.018518518518518517 0.018518518518518517 0.018867924528301886 0.019230769230769232 0.05555555555555555 0.019230769230769232 0.04838709677419355 0.04838709677419355 0.04838709677419355 0.01818181818181818 0.01818181818181818 0.017857142857142856 0.017857142857142856 0.019230769230769232 0.03636363636363636 0.04838709677419355 0.01694915254237288 0.01694915254237288 0.01694915254237288 0.038461538461538464 0.038461538461538464 0.018518518518518517 0.015625 0.015625 0.0 0.02564102564102564 0.02564102564102564 0.017543859649122806 0.03278688524590164 0.03278688524590164 0.03278688524590164 0.03278688524590164 0.03278688524590164 0.03278688524590164 0.03278688524590164 0.03278688524590164 0.019230769230769232 0.019230769230769232 0.019230769230769232 0.019230769230769232 0.05555555555555555 0.04838709677419355 0.031746031746031744 0.015384615384615385 0.015384615384615385 0.015384615384615385 0.015384615384615385 0.015384615384615385 0.015384615384615385 0.015384615384615385 0.015384615384615385 0.015384615384615385 0.01818181818181818 0.017241379310344827 0.019230769230769232 0.01818181818181818 0.01818181818181818 0.01818181818181818 0.017241379310344827 0.03389830508474576 0.03389830508474576 0.01818181818181818 0.03488372093023256 0.03488372093023256 0.03488372093023256 0.03488372093023256 0.03488372093023256 0.03488372093023256 0.03488372093023256 0.03488372093023256 0.03488372093023256 0.03488372093023256 0.03488372093023256 0.03488372093023256 0.03389830508474576 0.07407407407407407 0.07407407407407407 0.07317073170731707 0.07317073170731707 0.07547169811320754 0.06666666666666667 0.0967741935483871 0.11290322580645161 0.11290322580645161 0.11290322580645161 0.11594202898550725 0.11594202898550725 0.11594202898550725 0.10975609756097561 0.10975609756097561 0.0967741935483871 0.0967741935483871 0.09433962264150944 0.1111111111111111 0.10294117647058823 0.10294117647058823 0.08064516129032258 0.07272727272727272 0.07142857142857142 0.09230769230769231 0.07692307692307693 0.05454545454545454 0.03389830508474576 
org.apache.lucene.search.highlight.Highlighter$FragmentQueue 0.13333333333333333 0.16666666666666666 0.24528301886792453 0.24528301886792453 0.2033898305084746 1.0 1.0 0.1320754716981132 0.03571428571428571 0.1320754716981132 0.09433962264150944 0.07547169811320754 0.29577464788732394 0.2222222222222222 0.2222222222222222 0.18867924528301888 0.11864406779661017 0.2830188679245283 0.14285714285714285 0.2641509433962264 0.2033898305084746 0.19298245614035087 0.022222222222222223 0.022222222222222223 0.022222222222222223 0.022222222222222223 0.32727272727272727 0.288135593220339 0.21348314606741572 0.08974358974358974 0.08974358974358974 0.14285714285714285 0.0979020979020979 0.0979020979020979 0.0979020979020979 0.25 0.019230769230769232 0.018867924528301886 0.018518518518518517 0.018518518518518517 0.018518518518518517 0.018518518518518517 0.018518518518518517 0.018518518518518517 0.017241379310344827 0.017241379310344827 0.017241379310344827 0.017241379310344827 0.017241379310344827 0.017241379310344827 0.016666666666666666 0.016666666666666666 0.016666666666666666 0.016666666666666666 0.016666666666666666 0.016666666666666666 0.016666666666666666 0.016666666666666666 0.03636363636363636 0.018518518518518517 0.017857142857142856 0.017857142857142856 0.018518518518518517 0.018518518518518517 0.018518518518518517 0.018867924528301886 0.019230769230769232 0.05555555555555555 0.019230769230769232 0.04838709677419355 0.04838709677419355 0.04838709677419355 0.01818181818181818 0.01818181818181818 0.017857142857142856 0.017857142857142856 0.019230769230769232 0.03636363636363636 0.04838709677419355 0.01694915254237288 0.01694915254237288 0.01694915254237288 0.038461538461538464 0.038461538461538464 0.018518518518518517 0.015625 0.015625 0.0 0.02564102564102564 0.02564102564102564 0.017543859649122806 0.03278688524590164 0.03278688524590164 0.03278688524590164 0.03278688524590164 0.03278688524590164 0.03278688524590164 0.03278688524590164 0.03278688524590164 0.019230769230769232 0.019230769230769232 0.019230769230769232 0.019230769230769232 0.05555555555555555 0.04838709677419355 0.031746031746031744 0.015384615384615385 0.015384615384615385 0.015384615384615385 0.015384615384615385 0.015384615384615385 0.015384615384615385 0.015384615384615385 0.015384615384615385 0.015384615384615385 0.01818181818181818 0.017241379310344827 0.019230769230769232 0.01818181818181818 0.01818181818181818 0.01818181818181818 0.017241379310344827 0.03389830508474576 0.03389830508474576 0.01818181818181818 0.03488372093023256 0.03488372093023256 0.03488372093023256 0.03488372093023256 0.03488372093023256 0.03488372093023256 0.03488372093023256 0.03488372093023256 0.03488372093023256 0.03488372093023256 0.03488372093023256 0.03488372093023256 0.03389830508474576 0.07407407407407407 0.07407407407407407 0.07317073170731707 0.07317073170731707 0.07547169811320754 0.06666666666666667 0.0967741935483871 0.11290322580645161 0.11290322580645161 0.11290322580645161 0.11594202898550725 0.11594202898550725 0.11594202898550725 0.10975609756097561 0.10975609756097561 0.0967741935483871 0.0967741935483871 0.09433962264150944 0.1111111111111111 0.10294117647058823 0.10294117647058823 0.08064516129032258 0.07272727272727272 0.07142857142857142 0.09230769230769231 0.07692307692307693 0.05454545454545454 0.03389830508474576 
org.apache.lucene.search.highlight.InvalidTokenOffsetsException 0.3 0.3125 0.4117647058823529 0.2631578947368421 0.3181818181818182 0.1320754716981132 0.1320754716981132 1.0 0.14285714285714285 0.38461538461538464 0.3333333333333333 0.5 0.1111111111111111 0.15 0.15 0.3125 0.058823529411764705 0.23809523809523808 0.29411764705882354 0.3157894736842105 0.20833333333333334 0.3684210526315789 0.041666666666666664 0.041666666666666664 0.041666666666666664 0.041666666666666664 0.2916666666666667 0.1724137931034483 0.08196721311475409 0.13157894736842105 0.13157894736842105 0.29411764705882354 0.045454545454545456 0.045454545454545456 0.045454545454545456 0.4375 0.1 0.09090909090909091 0.08333333333333333 0.08333333333333333 0.08333333333333333 0.08333333333333333 0.08333333333333333 0.08333333333333333 0.0625 0.0625 0.0625 0.0625 0.0625 0.0625 0.05555555555555555 0.05555555555555555 0.05555555555555555 0.05555555555555555 0.05555555555555555 0.05555555555555555 0.05555555555555555 0.05555555555555555 0.07142857142857142 0.08333333333333333 0.07142857142857142 0.07142857142857142 0.08333333333333333 0.08333333333333333 0.08333333333333333 0.09090909090909091 0.1 0.0625 0.1 0.09523809523809523 0.09523809523809523 0.09523809523809523 0.07692307692307693 0.07692307692307693 0.07142857142857142 0.07142857142857142 0.1 0.15384615384615385 0.15 0.058823529411764705 0.058823529411764705 0.058823529411764705 0.09090909090909091 0.09090909090909091 0.08333333333333333 0.045454545454545456 0.045454545454545456 0.0 0.05555555555555555 0.05555555555555555 0.06666666666666667 0.05 0.05 0.05 0.05 0.05 0.05 0.05 0.05 0.1 0.1 0.1 0.1 0.0625 0.09523809523809523 0.15 0.043478260869565216 0.043478260869565216 0.043478260869565216 0.043478260869565216 0.043478260869565216 0.043478260869565216 0.043478260869565216 0.043478260869565216 0.043478260869565216 0.07692307692307693 0.0625 0.1 0.07692307692307693 0.07692307692307693 0.07692307692307693 0.0625 0.05555555555555555 0.05555555555555555 0.07692307692307693 0.021739130434782608 0.021739130434782608 0.021739130434782608 0.021739130434782608 0.021739130434782608 0.021739130434782608 0.021739130434782608 0.021739130434782608 0.021739130434782608 0.021739130434782608 0.021739130434782608 0.021739130434782608 0.11764705882352941 0.23076923076923078 0.23076923076923078 0.12195121951219512 0.12195121951219512 0.36363636363636365 0.2222222222222222 0.23809523809523808 0.22727272727272727 0.22727272727272727 0.22727272727272727 0.16666666666666666 0.16666666666666666 0.16666666666666666 0.11363636363636363 0.11363636363636363 0.1111111111111111 0.1111111111111111 0.45454545454545453 0.38461538461538464 0.17857142857142858 0.17857142857142858 0.19047619047619047 0.21428571428571427 0.17857142857142858 0.20833333333333334 0.16666666666666666 0.14285714285714285 0.11764705882352941 
org.apache.lucene.search.highlight.LimitTokenOffsetFilter 0.09090909090909091 0.11764705882352941 0.1 0.1 0.08 0.03571428571428571 0.03571428571428571 0.14285714285714285 1.0 0.14285714285714285 0.16666666666666666 0.18181818181818182 0.043478260869565216 0.047619047619047616 0.047619047619047616 0.11764705882352941 0.023255813953488372 0.09090909090909091 0.1111111111111111 0.09523809523809523 0.08 0.09090909090909091 0.043478260869565216 0.043478260869565216 0.043478260869565216 0.043478260869565216 0.07407407407407407 0.06666666666666667 0.04918032786885246 0.05128205128205128 0.05128205128205128 0.1111111111111111 0.018018018018018018 0.018018018018018018 0.018018018018018018 0.10526315789473684 0.125 0.1111111111111111 0.1 0.1 0.1 0.1 0.1 0.1 0.07142857142857142 0.07142857142857142 0.07142857142857142 0.07142857142857142 0.07142857142857142 0.07142857142857142 0.0625 0.0625 0.0625 0.0625 0.0625 0.0625 0.0625 0.0625 0.08333333333333333 0.1 0.08333333333333333 0.08333333333333333 0.1 0.1 0.1 0.1111111111111111 0.125 0.06666666666666667 0.125 0.10526315789473684 0.10526315789473684 0.10526315789473684 0.09090909090909091 0.09090909090909091 0.08333333333333333 0.08333333333333333 0.125 0.18181818181818182 0.10526315789473684 0.06666666666666667 0.06666666666666667 0.06666666666666667 0.1111111111111111 0.1111111111111111 0.1 0.05 0.05 0.0 0.058823529411764705 0.058823529411764705 0.07692307692307693 0.05555555555555555 0.05555555555555555 0.05555555555555555 0.05555555555555555 0.05555555555555555 0.05555555555555555 0.05555555555555555 0.05555555555555555 0.125 0.125 0.125 0.125 0.06666666666666667 0.10526315789473684 0.10526315789473684 0.047619047619047616 0.047619047619047616 0.047619047619047616 0.047619047619047616 0.047619047619047616 0.047619047619047616 0.047619047619047616 0.047619047619047616 0.047619047619047616 0.09090909090909091 0.07142857142857142 0.125 0.09090909090909091 0.09090909090909091 0.09090909090909091 0.07142857142857142 0.0625 0.0625 0.09090909090909091 0.022727272727272728 0.022727272727272728 0.022727272727272728 0.022727272727272728 0.022727272727272728 0.022727272727272728 0.022727272727272728 0.022727272727272728 0.022727272727272728 0.022727272727272728 0.022727272727272728 0.022727272727272728 0.13333333333333333 0.16666666666666666 0.16666666666666666 0.047619047619047616 0.047619047619047616 0.18181818181818182 0.1111111111111111 0.09090909090909091 0.08695652173913043 0.08695652173913043 0.08695652173913043 0.06451612903225806 0.06451612903225806 0.06451612903225806 0.044444444444444446 0.044444444444444446 0.03571428571428571 0.03571428571428571 0.16666666666666666 0.14285714285714285 0.06896551724137931 0.06896551724137931 0.09523809523809523 0.15384615384615385 0.06896551724137931 0.08 0.08333333333333333 0.16666666666666666 0.13333333333333333 
org.apache.lucene.search.highlight.NullFragmenter 0.3 0.23529411764705882 0.3333333333333333 0.4117647058823529 0.3181818181818182 0.1320754716981132 0.1320754716981132 0.38461538461538464 0.14285714285714285 1.0 0.3333333333333333 0.36363636363636365 0.19047619047619047 0.15 0.15 0.4 0.08433734939759036 0.4444444444444444 0.29411764705882354 0.3888888888888889 0.3181818181818182 0.3 0.041666666666666664 0.041666666666666664 0.041666666666666664 0.041666666666666664 0.24 0.25925925925925924 0.11864406779661017 0.16216216216216217 0.16216216216216217 0.29411764705882354 0.05504587155963303 0.05504587155963303 0.05504587155963303 0.35294117647058826 0.1 0.09090909090909091 0.08333333333333333 0.08333333333333333 0.08333333333333333 0.08333333333333333 0.08333333333333333 0.08333333333333333 0.0625 0.0625 0.0625 0.0625 0.0625 0.0625 0.05555555555555555 0.05555555555555555 0.05555555555555555 0.05555555555555555 0.05555555555555555 0.05555555555555555 0.05555555555555555 0.05555555555555555 0.07142857142857142 0.08333333333333333 0.07142857142857142 0.07142857142857142 0.08333333333333333 0.08333333333333333 0.08333333333333333 0.09090909090909091 0.1 0.0625 0.1 0.09523809523809523 0.09523809523809523 0.09523809523809523 0.07692307692307693 0.07692307692307693 0.07142857142857142 0.07142857142857142 0.1 0.15384615384615385 0.09523809523809523 0.058823529411764705 0.058823529411764705 0.058823529411764705 0.09090909090909091 0.09090909090909091 0.08333333333333333 0.045454545454545456 0.045454545454545456 0.0 0.05555555555555555 0.05555555555555555 0.06666666666666667 0.05 0.05 0.05 0.05 0.05 0.05 0.05 0.05 0.1 0.1 0.1 0.1 0.0625 0.09523809523809523 0.09523809523809523 0.043478260869565216 0.043478260869565216 0.043478260869565216 0.043478260869565216 0.043478260869565216 0.043478260869565216 0.043478260869565216 0.043478260869565216 0.043478260869565216 0.07692307692307693 0.0625 0.1 0.07692307692307693 0.07692307692307693 0.07692307692307693 0.0625 0.05555555555555555 0.05555555555555555 0.07692307692307693 0.021739130434782608 0.021739130434782608 0.021739130434782608 0.021739130434782608 0.021739130434782608 0.021739130434782608 0.021739130434782608 0.021739130434782608 0.021739130434782608 0.021739130434782608 0.021739130434782608 0.021739130434782608 0.11764705882352941 0.23076923076923078 0.23076923076923078 0.15 0.15 0.36363636363636365 0.29411764705882354 0.23809523809523808 0.22727272727272727 0.22727272727272727 0.22727272727272727 0.16666666666666666 0.16666666666666666 0.16666666666666666 0.11363636363636363 0.11363636363636363 0.09090909090909091 0.09090909090909091 0.45454545454545453 0.38461538461538464 0.2222222222222222 0.2222222222222222 0.25 0.21428571428571427 0.2222222222222222 0.20833333333333334 0.21739130434782608 0.14285714285714285 0.11764705882352941 
org.apache.lucene.search.highlight.OffsetLimitTokenFilter 0.2 0.1875 0.2222222222222222 0.2222222222222222 0.17391304347826086 0.09433962264150944 0.09433962264150944 0.3333333333333333 0.16666666666666666 0.3333333333333333 1.0 0.4444444444444444 0.11627906976744186 0.1 0.1 0.26666666666666666 0.047619047619047616 0.2 0.17647058823529413 0.21052631578947367 0.17391304347826086 0.2 0.043478260869565216 0.043478260869565216 0.043478260869565216 0.043478260869565216 0.16 0.14285714285714285 0.06666666666666667 0.10810810810810811 0.10810810810810811 0.25 0.046296296296296294 0.046296296296296294 0.046296296296296294 0.23529411764705882 0.125 0.1111111111111111 0.1 0.1 0.1 0.1 0.1 0.1 0.07142857142857142 0.07142857142857142 0.07142857142857142 0.07142857142857142 0.07142857142857142 0.07142857142857142 0.0625 0.0625 0.0625 0.0625 0.0625 0.0625 0.0625 0.0625 0.08333333333333333 0.1 0.08333333333333333 0.08333333333333333 0.1 0.1 0.1 0.1111111111111111 0.125 0.06666666666666667 0.125 0.10526315789473684 0.10526315789473684 0.10526315789473684 0.09090909090909091 0.09090909090909091 0.08333333333333333 0.08333333333333333 0.125 0.18181818181818182 0.10526315789473684 0.06666666666666667 0.06666666666666667 0.06666666666666667 0.1111111111111111 0.1111111111111111 0.1 0.05 0.05 0.0 0.058823529411764705 0.058823529411764705 0.07692307692307693 0.05555555555555555 0.05555555555555555 0.05555555555555555 0.05555555555555555 0.05555555555555555 0.05555555555555555 0.05555555555555555 0.05555555555555555 0.125 0.125 0.125 0.125 0.06666666666666667 0.10526315789473684 0.10526315789473684 0.047619047619047616 0.047619047619047616 0.047619047619047616 0.047619047619047616 0.047619047619047616 0.047619047619047616 0.047619047619047616 0.047619047619047616 0.047619047619047616 0.09090909090909091 0.07142857142857142 0.125 0.09090909090909091 0.09090909090909091 0.09090909090909091 0.07142857142857142 0.0625 0.0625 0.09090909090909091 0.022727272727272728 0.022727272727272728 0.022727272727272728 0.022727272727272728 0.022727272727272728 0.022727272727272728 0.022727272727272728 0.022727272727272728 0.022727272727272728 0.022727272727272728 0.022727272727272728 0.022727272727272728 0.13333333333333333 0.2727272727272727 0.2727272727272727 0.1 0.1 0.4444444444444444 0.25 0.2 0.19047619047619047 0.19047619047619047 0.19047619047619047 0.13793103448275862 0.13793103448275862 0.13793103448275862 0.09302325581395349 0.09302325581395349 0.07407407407407407 0.07407407407407407 0.4 0.3333333333333333 0.14814814814814814 0.14814814814814814 0.21052631578947367 0.25 0.14814814814814814 0.17391304347826086 0.18181818181818182 0.16666666666666666 0.13333333333333333 
org.apache.lucene.search.highlight.PositionSpan 0.21052631578947367 0.2 0.3125 0.23529411764705882 0.23809523809523808 0.07547169811320754 0.07547169811320754 0.5 0.18181818181818182 0.36363636363636365 0.4444444444444444 1.0 0.11904761904761904 0.10256410256410256 0.10256410256410256 0.2857142857142857 0.04819277108433735 0.21052631578947367 0.1875 0.2222222222222222 0.18181818181818182 0.2777777777777778 0.044444444444444446 0.044444444444444446 0.044444444444444446 0.044444444444444446 0.21739130434782608 0.14814814814814814 0.06779661016949153 0.1111111111111111 0.1111111111111111 0.35714285714285715 0.04672897196261682 0.04672897196261682 0.04672897196261682 0.3333333333333333 0.14285714285714285 0.125 0.1111111111111111 0.1111111111111111 0.1111111111111111 0.1111111111111111 0.1111111111111111 0.1111111111111111 0.07692307692307693 0.07692307692307693 0.07692307692307693 0.07692307692307693 0.07692307692307693 0.07692307692307693 0.06666666666666667 0.06666666666666667 0.06666666666666667 0.06666666666666667 0.06666666666666667 0.06666666666666667 0.06666666666666667 0.06666666666666667 0.09090909090909091 0.1111111111111111 0.09090909090909091 0.09090909090909091 0.1111111111111111 0.1111111111111111 0.1111111111111111 0.125 0.14285714285714285 0.06896551724137931 0.14285714285714285 0.1111111111111111 0.1111111111111111 0.1111111111111111 0.1 0.1 0.09090909090909091 0.09090909090909091 0.14285714285714285 0.2 0.17647058823529413 0.07142857142857142 0.07142857142857142 0.07142857142857142 0.125 0.125 0.1111111111111111 0.05263157894736842 0.05263157894736842 0.0 0.06060606060606061 0.06060606060606061 0.08333333333333333 0.058823529411764705 0.058823529411764705 0.058823529411764705 0.058823529411764705 0.058823529411764705 0.058823529411764705 0.058823529411764705 0.058823529411764705 0.14285714285714285 0.14285714285714285 0.14285714285714285 0.14285714285714285 0.06896551724137931 0.1111111111111111 0.17647058823529413 0.05 0.05 0.05 0.05 0.05 0.05 0.05 0.05 0.05 0.1 0.07692307692307693 0.14285714285714285 0.1 0.1 0.1 0.07692307692307693 0.06666666666666667 0.06666666666666667 0.1 0.023255813953488372 0.023255813953488372 0.023255813953488372 0.023255813953488372 0.023255813953488372 0.023255813953488372 0.023255813953488372 0.023255813953488372 0.023255813953488372 0.023255813953488372 0.023255813953488372 0.023255813953488372 0.14285714285714285 0.3 0.3 0.10256410256410256 0.10256410256410256 0.5 0.26666666666666666 0.21052631578947367 0.2 0.2 0.2 0.14285714285714285 0.14285714285714285 0.14285714285714285 0.09523809523809523 0.09523809523809523 0.09615384615384616 0.09615384615384616 0.4444444444444444 0.36363636363636365 0.15384615384615385 0.15384615384615385 0.2222222222222222 0.2727272727272727 0.15384615384615385 0.18181818181818182 0.19047619047619047 0.18181818181818182 0.14285714285714285 
org.apache.lucene.search.highlight.QueryScorer 0.13725490196078433 0.15217391304347827 0.21739130434782608 0.3333333333333333 0.22 0.29577464788732394 0.29577464788732394 0.1111111111111111 0.043478260869565216 0.19047619047619047 0.11627906976744186 0.11904761904761904 1.0 0.2786885245901639 0.2786885245901639 0.2926829268292683 0.1509433962264151 0.38095238095238093 0.14893617021276595 0.26666666666666666 0.35555555555555557 0.13725490196078433 0.0379746835443038 0.0379746835443038 0.0379746835443038 0.0379746835443038 0.26 0.2692307692307692 0.20987654320987653 0.11940298507462686 0.11940298507462686 0.2 0.16666666666666666 0.16666666666666666 0.16666666666666666 0.27906976744186046 0.023809523809523808 0.023255813953488372 0.022727272727272728 0.022727272727272728 0.022727272727272728 0.022727272727272728 0.022727272727272728 0.022727272727272728 0.020833333333333332 0.020833333333333332 0.020833333333333332 0.020833333333333332 0.020833333333333332 0.020833333333333332 0.02 0.02 0.02 0.02 0.02 0.02 0.02 0.02 0.044444444444444446 0.022727272727272728 0.021739130434782608 0.021739130434782608 0.022727272727272728 0.022727272727272728 0.022727272727272728 0.023255813953488372 0.023809523809523808 0.047619047619047616 0.023809523809523808 0.03773584905660377 0.03773584905660377 0.03773584905660377 0.022222222222222223 0.022222222222222223 0.021739130434782608 0.021739130434782608 0.023809523809523808 0.044444444444444446 0.03773584905660377 0.02040816326530612 0.02040816326530612 0.02040816326530612 0.047619047619047616 0.047619047619047616 0.022727272727272728 0.03773584905660377 0.03773584905660377 0.0 0.04477611940298507 0.04477611940298507 0.02127659574468085 0.019230769230769232 0.019230769230769232 0.019230769230769232 0.019230769230769232 0.019230769230769232 0.019230769230769232 0.019230769230769232 0.019230769230769232 0.023809523809523808 0.023809523809523808 0.023809523809523808 0.023809523809523808 0.047619047619047616 0.03773584905660377 0.03773584905660377 0.037037037037037035 0.037037037037037035 0.037037037037037035 0.037037037037037035 0.037037037037037035 0.037037037037037035 0.037037037037037035 0.037037037037037035 0.037037037037037035 0.022222222222222223 0.020833333333333332 0.023809523809523808 0.022222222222222223 0.022222222222222223 0.022222222222222223 0.020833333333333332 0.02 0.02 0.022222222222222223 0.05333333333333334 0.05333333333333334 0.05333333333333334 0.05333333333333334 0.05333333333333334 0.05333333333333334 0.05333333333333334 0.05333333333333334 0.05333333333333334 0.05333333333333334 0.05333333333333334 0.05333333333333334 0.04081632653061224 0.09090909090909091 0.09090909090909091 0.09859154929577464 0.09859154929577464 0.09302325581395349 0.10204081632653061 0.13725490196078433 0.11320754716981132 0.11320754716981132 0.11320754716981132 0.11666666666666667 0.11666666666666667 0.11666666666666667 0.14084507042253522 0.14084507042253522 0.09523809523809523 0.09523809523809523 0.11627906976744186 0.13636363636363635 0.1016949152542373 0.1016949152542373 0.11764705882352941 0.08888888888888889 0.1016949152542373 0.08928571428571429 0.1111111111111111 0.06666666666666667 0.04081632653061224 
